  1            0.981392     0.982123    
  2            0.980601     0.981455    
  3            0.979724     0.980522    
  4            0.978683     0.979612    
  5            0.977843     0.978711    
  6            0.976906     0.977917    
  7            0.975774     0.976722    
  8            0.974673     0.975775    
  9            0.973504     0.974536    
  10           0.972377     0.973576    
  11           0.971215     0.972339    
  12           0.969663     0.970967    
  13           0.968334     0.969558    
  14           0.966959     0.968376    
  15           0.965577     0.966907    
  16           0.963908     0.965442    
  17           0.962328     0.963768    
  18           0.960637     0.962298    
  19           0.958995     0.960554    
  20           0.957137     0.958932    
  21           0.955278     0.956965    
  22           0.953334     0.955274    
  23           0.951807     0.953191    
  24           0.950107     0.951681    
  25           0.948629     0.950098    
  26           0.946743     0.948411    
  27           0.945246     0.946805    
  28           0.943439     0.945207    
  29           0.941674     0.943327    
  30           0.939611     0.941483    
  31           0.937711     0.939464    
  32           0.935709     0.937683    
  33           0.933575     0.935428    
  34           0.931612     0.933696    
  35           0.929511     0.931470    
  36           0.927069     0.929277    
  37           0.924837     0.926905    
  38           0.922416     0.924747    
  39           0.920215     0.922400    
  40           0.917530     0.919988    
  41           0.916070     0.917503    
  42           0.914424     0.916018    
  43           0.912861     0.914343    
  44           0.911190     0.912836    
  45           0.909559     0.911089    
  46           0.907724     0.909423    
  47           0.906082     0.907662    
  48           0.904234     0.905986    
  49           0.902471     0.904102    
  50           0.900552     0.902361    
  51           0.898813     0.900497    
  52           0.896750     0.898617    
  53           0.894928     0.896669    
  54           0.892937     0.894860    
  55           0.891068     0.892863    
  56           0.889108     0.891092    
  57           0.887044     0.888896    
  58           0.884910     0.886955    
  59           0.883005     0.884915    
  60           0.880753     0.882858    
  61           0.878664     0.880630    
  62           0.876428     0.878596    
  63           0.874352     0.876380    
  64           0.871939     0.874173    
  65           0.870237     0.871899    
  66           0.868362     0.870192    
  67           0.866683     0.868386    
  68           0.864616     0.866489    
  69           0.862886     0.864631    
  70           0.860798     0.862714    
  71           0.858907     0.860693    
  72           0.856839     0.858802    
  73           0.855153     0.856983    
  74           0.852841     0.854845    
  75           0.850958     0.852827    
  76           0.848889     0.850930    
  77           0.846913     0.848820    
  78           0.844871     0.846956    
  79           0.842807     0.844757    
  80           0.840504     0.842632    
  81           0.838384     0.840455    
  82           0.837057     0.838312    
  83           0.835669     0.837035    
  84           0.834170     0.835504    
  85           0.832797     0.834073    
  86           0.831495     0.832833    
  87           0.829977     0.831298    
  88           0.828623     0.829978    
  89           0.827111     0.828583    
  90           0.825676     0.827053    
  91           0.824279     0.825567    
  92           0.822750     0.824157    
  93           0.821255     0.822698    
  94           0.819868     0.821287    
  95           0.818261     0.819747    
  96           0.816777     0.818164    
  97           0.815409     0.816757    
  98           0.813860     0.815401    
  99           0.812271     0.813789    
  100          0.810786     0.812211    
  101          0.809291     0.810777    
  102          0.807716     0.809163    
  103          0.805675     0.807173    
  104          0.804291     0.805912    
  105          0.802990     0.804500    
  106          0.800908     0.802324    
  107          0.799512     0.801080    
  108          0.798061     0.799664    
  109          0.795840     0.797371    
  110          0.794641     0.796239    
  111          0.792677     0.794196    
  112          0.790878     0.792450    
  113          0.789554     0.791278    
  114          0.787592     0.789191    
  115          0.785911     0.787415    
  116          0.785049     0.786692    
  117          0.782281     0.783979    
  118          0.780578     0.782197    
  119          0.779592     0.781277    
  120          0.777185     0.778799    
  121          0.775309     0.776982    
  122          0.773752     0.775556    
  123          0.772041     0.773715    
  124          0.769835     0.771423    
  125          0.768647     0.770445    
  126          0.766267     0.768062    
  127          0.764281     0.765950    
  128          0.673922     0.675660    
  129          0.672011     0.673783    
  130          0.670019     0.671802    
  131          0.668313     0.670159    
  132          0.666445     0.668168    
  133          0.664496     0.666253    
  134          0.662691     0.664639    
  135          0.660716     0.662537    
  136          0.658812     0.660517    
  137          0.657044     0.658950    
  138          0.654963     0.656887    
  139          0.652963     0.654754    
  140          0.651618     0.653103    
  141          0.649988     0.651479    
  142          0.648272     0.649798    
  143          0.646828     0.648434    
  144          0.645191     0.646686    
  145          0.643585     0.645013    
  146          0.642142     0.643737    
  147          0.640381     0.641992    
  148          0.638513     0.640020    
  149          0.637268     0.638830    
  150          0.635592     0.637105    
  151          0.633716     0.635293    
  152          0.632319     0.634008    
  153          0.630584     0.632155    
  154          0.628843     0.630329    
  155          0.627438     0.629079    
  156          0.625603     0.627278    
  157          0.623778     0.625364    
  158          0.622352     0.623983    
  159          0.620437     0.622024    
  160          0.618795     0.620437    
  161          0.617212     0.618968    
  162          0.615286     0.616908    
  163          0.613732     0.615280    
  164          0.612128     0.613852    
  165          0.610124     0.611862    
  166          0.608483     0.610121    
  167          0.606884     0.608566    
  168          0.604997     0.606673    
  169          0.603284     0.605004    
  170          0.601522     0.603322    
  171          0.599677     0.601343    
  172          0.598063     0.599688    
  173          0.596006     0.597852    
  174          0.594290     0.596073    
  175          0.592640     0.594302    
  176          0.590914     0.592651    
  177          0.589665     0.591421    
  178          0.588363     0.590139    
  179          0.675800     0.677667    
  180          0.674195     0.675953    
  181          0.672909     0.674571    
  182          0.671501     0.673293    
  183          0.669978     0.671807    
  184          0.668685     0.670494    
  185          0.666947     0.668809    
  186          0.665605     0.667361    
  187          0.664579     0.666266    
  188          0.663022     0.664902    
  189          0.661467     0.663358    
  190          0.660243     0.662061    
  191          0.658783     0.660633    
  192          0.657240     0.659000    
  193          0.655929     0.657685    
  194          0.652515     0.654453    
  195          0.647556     0.649412    
  196          0.642697     0.644567    
  197          0.637644     0.639643    
  198          0.632454     0.634467    
  199          0.627625     0.629546    
  200          0.622579     0.624636    
  201          0.617370     0.619435    
  202          0.612604     0.614581    
  203          0.607345     0.609461    
  204          0.602333     0.604443    
  205          0.595967     0.598389    
  206          0.591313     0.593837    
  207          0.585743     0.588378    
  208          0.580958     0.583442    
  209          0.575750     0.578463    
  210          0.570980     0.573673    
  211          0.565756     0.567887    
  212          0.561190     0.563305    
  213          0.555553     0.558436    
  214          0.551261     0.553329    
  215          0.545542     0.548382    
  216          0.540972     0.543225    
  217          0.536137     0.538356    
  218          0.531621     0.533285    
  219          0.526417     0.528137    
  220          0.521388     0.523073    
  221          0.516341     0.518112    
  222          0.511419     0.513251    
  223          0.506510     0.508224    
  224          0.501518     0.503291    
  225          0.496527     0.498397    
  226          0.491613     0.493360    
  227          0.486556     0.488405    
  228          0.481634     0.483529    
  229          0.477117     0.478823    
  230          0.472057     0.473876    
  231          0.467140     0.468965    
  232          0.462165     0.463900    
  233          0.457221     0.459159    
  234          0.452209     0.454061    
  235          0.447342     0.449182    
  236          0.442190     0.444072    
  237          0.437386     0.439333    
  238          0.432310     0.434103    
  239          0.427362     0.429363    
  240          0.422352     0.424261    
  241          0.417471     0.419372    
  242          0.412329     0.414261    
  243          0.407365     0.409276    
  244          0.402495     0.404489    
  245          0.397517     0.399522    
  246          0.392544     0.394557    
  247          0.387567     0.389591    
  248          0.382536     0.384533    
  249          0.377545     0.379550    
  250          0.372615     0.374667    
  251          0.367625     0.369685    
  252          0.362638     0.364705    
  253          0.357656     0.359731    
  254          0.349064     0.351078    
  255          0.344061     0.346082    
  256          0.339057     0.341085    
  257          0.334051     0.336085    
  258          0.329060     0.331103    
  259          0.324063     0.326108    
  260          0.319079     0.321129    
  261          0.314082     0.316140    
  262          0.309079     0.311148    
  263          0.304229     0.306382    
  264          0.299232     0.301386    
  265          0.294237     0.296394    
  266          0.289243     0.291402    
  267          0.284249     0.286415    
  268          0.279267     0.281435    
  269          0.274277     0.276448    
  270          0.269289     0.271465    
  271          0.264296     0.266477    
  272          0.259317     0.261498    
  273          0.254332     0.256512    
  274          0.249355     0.251534    
