  1            0.766644     0.767420    
  2            0.765865     0.766644    
  3            0.765086     0.765865    
  4            0.764305     0.765086    
  5            0.763524     0.764305    
  6            0.762740     0.763524    
  7            0.761956     0.762740    
  8            0.761171     0.761956    
  9            0.760384     0.761171    
  10           0.759595     0.760384    
  11           0.758806     0.759595    
  12           0.758015     0.758806    
  13           0.757223     0.758015    
  14           0.756429     0.757223    
  15           0.755634     0.756429    
  16           0.754838     0.755634    
  17           0.754041     0.754838    
  18           0.753241     0.754041    
  19           0.752441     0.753241    
  20           0.751639     0.752441    
  21           0.750836     0.751639    
  22           0.750031     0.750836    
  23           0.749225     0.750031    
  24           0.748417     0.749225    
  25           0.747608     0.748417    
  26           0.746798     0.747608    
  27           0.745986     0.746798    
  28           0.745172     0.745986    
  29           0.744357     0.745172    
  30           0.743541     0.744357    
  31           0.742722     0.743541    
  32           0.741903     0.742722    
  33           0.741082     0.741903    
  34           0.740259     0.741082    
  35           0.739434     0.740259    
  36           0.738608     0.739434    
  37           0.737781     0.738608    
  38           0.736952     0.737781    
  39           0.736121     0.736952    
  40           0.735288     0.736121    
  41           0.734454     0.735288    
  42           0.733618     0.734454    
  43           0.732781     0.733618    
  44           0.731942     0.732781    
  45           0.731101     0.731942    
  46           0.730258     0.731101    
  47           0.729414     0.730258    
  48           0.728568     0.729414    
  49           0.727720     0.728568    
  50           0.726871     0.727720    
  51           0.726020     0.726871    
  52           0.725167     0.726020    
  53           0.724312     0.725167    
  54           0.723455     0.724312    
  55           0.722597     0.723455    
  56           0.721737     0.722597    
  57           0.720875     0.721737    
  58           0.720011     0.720875    
  59           0.719145     0.720011    
  60           0.718278     0.719145    
  61           0.717408     0.718278    
  62           0.716537     0.717408    
  63           0.715663     0.716537    
  64           0.714788     0.715663    
  65           0.713911     0.714788    
  66           0.713032     0.713911    
  67           0.712151     0.713032    
  68           0.711268     0.712151    
  69           0.710383     0.711268    
  70           0.709497     0.710383    
  71           0.708608     0.709497    
  72           0.707717     0.708608    
  73           0.706824     0.707717    
  74           0.705929     0.706824    
  75           0.705032     0.705929    
  76           0.704133     0.705032    
  77           0.703232     0.704133    
  78           0.702329     0.703232    
  79           0.701424     0.702329    
  80           0.700517     0.701424    
  81           0.699608     0.700517    
  82           0.698696     0.699608    
  83           0.697783     0.698696    
  84           0.696867     0.697783    
  85           0.695949     0.696867    
  86           0.695029     0.695949    
  87           0.694107     0.695029    
  88           0.693183     0.694107    
  89           0.692256     0.693183    
  90           0.691327     0.692256    
  91           0.690396     0.691327    
  92           0.689463     0.690396    
  93           0.688528     0.689463    
  94           0.687590     0.688528    
  95           0.686650     0.687590    
  96           0.685708     0.686650    
  97           0.684764     0.685708    
  98           0.683817     0.684764    
  99           0.682868     0.683817    
  100          0.681916     0.682868    
  101          0.680963     0.681916    
  102          0.680007     0.680963    
