0.001       2.16e-16
0.002       8.62e-16
0.003       1.94e-15
0.004       3.45e-15
0.005       5.39e-15
0.006       7.76e-15
0.007       1.06e-14
0.008       1.38e-14
0.009       1.75e-14
0.01       2.16e-14
0.011       2.61e-14
0.012        3.1e-14
0.013       3.64e-14
0.014       4.23e-14
0.015       4.85e-14
0.016       5.52e-14
0.017       6.23e-14
0.018       6.98e-14
0.019       7.78e-14
0.02       8.62e-14
0.021       9.51e-14
0.022       1.04e-13
0.023       1.14e-13
0.024       1.24e-13
0.025       1.35e-13
0.026       1.46e-13
0.027       1.57e-13
0.028       1.69e-13
0.029       1.81e-13
0.03       1.94e-13
0.031       2.07e-13
0.032       2.21e-13
0.033       2.35e-13
0.034       2.49e-13
0.035       2.64e-13
0.036       2.79e-13
0.037       2.95e-13
0.038       3.11e-13
0.039       3.28e-13
0.04       3.45e-13
0.041       3.62e-13
0.042        3.8e-13
0.043       3.99e-13
0.044       4.17e-13
0.045       4.37e-13
0.046       4.56e-13
0.047       4.76e-13
0.048       4.97e-13
0.049       5.18e-13
0.05       5.39e-13
0.051       5.61e-13
0.052       5.83e-13
0.053       6.06e-13
0.054       6.29e-13
0.055       6.52e-13
0.056       6.76e-13
0.057          7e-13
0.058       7.25e-13
0.059        7.5e-13
0.06       7.76e-13
0.061       8.02e-13
0.062       8.29e-13
0.063       8.56e-13
0.064       8.83e-13
0.065       9.11e-13
0.066       9.39e-13
0.067       9.68e-13
0.068       9.97e-13
0.069       1.03e-12
0.07       1.06e-12
0.071       1.09e-12
0.072       1.12e-12
0.073       1.15e-12
0.074       1.18e-12
0.075       1.21e-12
0.076       1.25e-12
0.077       1.28e-12
0.078       1.31e-12
0.079       1.35e-12
0.08       1.38e-12
0.081       1.41e-12
0.082       1.45e-12
0.083       1.49e-12
0.084       1.52e-12
0.085       1.56e-12
0.086       1.59e-12
0.087       1.63e-12
0.088       1.67e-12
0.089       1.71e-12
0.09       1.75e-12
0.091       1.79e-12
0.092       1.82e-12
0.093       1.86e-12
0.094        1.9e-12
0.095       1.95e-12
0.096       1.99e-12
0.097       2.03e-12
0.098       2.07e-12
0.099       2.11e-12
0.1       2.16e-12
0.101        2.2e-12
0.102       2.24e-12
0.103       2.29e-12
0.104       2.33e-12
0.105       2.38e-12
0.106       2.42e-12
0.107       2.47e-12
0.108       2.51e-12
0.109       2.56e-12
0.11       2.61e-12
0.111       2.66e-12
0.112        2.7e-12
0.113       2.75e-12
0.114        2.8e-12
0.115       2.85e-12
0.116        2.9e-12
0.117       2.95e-12
0.118          3e-12
0.119       3.05e-12
0.12        3.1e-12
0.121       3.16e-12
0.122       3.21e-12
0.123       3.26e-12
0.124       3.31e-12
0.125       3.37e-12
0.126       3.42e-12
0.127       3.48e-12
0.128       3.53e-12
0.129       3.59e-12
0.13       3.64e-12
0.131        3.7e-12
0.132       3.76e-12
0.133       3.81e-12
0.134       3.87e-12
0.135       3.93e-12
0.136       3.99e-12
0.137       4.05e-12
0.138       4.11e-12
0.139       4.16e-12
0.14       4.23e-12
0.141       4.29e-12
0.142       4.35e-12
0.143       4.41e-12
0.144       4.47e-12
0.145       4.53e-12
0.146        4.6e-12
0.147       4.66e-12
0.148       4.72e-12
0.149       4.79e-12
0.15       4.85e-12
0.151       4.92e-12
0.152       4.98e-12
0.153       5.05e-12
0.154       5.11e-12
0.155       5.18e-12
0.156       5.25e-12
0.157       5.31e-12
0.158       5.38e-12
0.159       5.45e-12
0.16       5.52e-12
0.161       5.59e-12
0.162       5.66e-12
0.163       5.73e-12
0.164        5.8e-12
0.165       5.87e-12
0.166       5.94e-12
0.167       6.01e-12
0.168       6.08e-12
0.169       6.16e-12
0.17       6.23e-12
0.171        6.3e-12
0.172       6.38e-12
0.173       6.45e-12
0.174       6.53e-12
0.175        6.6e-12
0.176       6.68e-12
0.177       6.75e-12
0.178       6.83e-12
0.179       6.91e-12
0.18       6.98e-12
0.181       7.06e-12
0.182       7.14e-12
0.183       7.22e-12
0.184        7.3e-12
0.185       7.38e-12
0.186       7.46e-12
0.187       7.54e-12
0.188       7.62e-12
0.189        7.7e-12
0.19       7.78e-12
0.191       7.86e-12
0.192       7.95e-12
0.193       8.03e-12
0.194       8.11e-12
0.195        8.2e-12
0.196       8.28e-12
0.197       8.37e-12
0.198       8.45e-12
0.199       8.54e-12
0.2       8.62e-12
0.201       8.71e-12
0.202        8.8e-12
0.203       8.88e-12
0.204       8.97e-12
0.205       9.06e-12
0.206       9.15e-12
0.207       9.24e-12
0.208       9.33e-12
0.209       9.42e-12
0.21       9.51e-12
0.211        9.6e-12
0.212       9.69e-12
0.213       9.78e-12
0.214       9.87e-12
0.215       9.96e-12
0.216       1.01e-11
0.217       1.02e-11
0.218       1.02e-11
0.219       1.03e-11
0.22       1.04e-11
0.221       1.05e-11
0.222       1.06e-11
0.223       1.07e-11
0.224       1.08e-11
0.225       1.09e-11
0.226        1.1e-11
0.227       1.11e-11
0.228       1.12e-11
0.229       1.13e-11
0.23       1.14e-11
0.231       1.15e-11
0.232       1.16e-11
0.233       1.17e-11
0.234       1.18e-11
0.235       1.19e-11
0.236        1.2e-11
0.237       1.21e-11
0.238       1.22e-11
0.239       1.23e-11
0.24       1.24e-11
0.241       1.25e-11
0.242       1.26e-11
0.243       1.27e-11
0.244       1.28e-11
0.245       1.29e-11
0.246        1.3e-11
0.247       1.32e-11
0.248       1.33e-11
0.249       1.34e-11
0.25       1.35e-11
0.251       1.36e-11
0.252       1.37e-11
0.253       1.38e-11
0.254       1.39e-11
0.255        1.4e-11
0.256       1.41e-11
0.257       1.42e-11
0.258       1.43e-11
0.259       1.45e-11
0.26       1.46e-11
0.261       1.47e-11
0.262       1.48e-11
0.263       1.49e-11
0.264        1.5e-11
0.265       1.51e-11
0.266       1.53e-11
0.267       1.54e-11
0.268       1.55e-11
0.269       1.56e-11
0.27       1.57e-11
0.271       1.58e-11
0.272       1.59e-11
0.273       1.61e-11
0.274       1.62e-11
0.275       1.63e-11
0.276       1.64e-11
0.277       1.65e-11
0.278       1.67e-11
0.279       1.68e-11
0.28       1.69e-11
0.281        1.7e-11
0.282       1.71e-11
0.283       1.73e-11
0.284       1.74e-11
0.285       1.75e-11
0.286       1.76e-11
0.287       1.78e-11
0.288       1.79e-11
0.289        1.8e-11
0.29       1.81e-11
0.291       1.83e-11
0.292       1.84e-11
0.293       1.85e-11
0.294       1.86e-11
0.295       1.88e-11
0.296       1.89e-11
0.297        1.9e-11
0.298       1.91e-11
0.299       1.93e-11
0.3       1.94e-11
0.301       1.95e-11
0.302       1.97e-11
0.303       1.98e-11
0.304       1.99e-11
0.305       2.01e-11
0.306       2.02e-11
0.307       2.03e-11
0.308       2.04e-11
0.309       2.06e-11
0.31       2.07e-11
0.311       2.08e-11
0.312        2.1e-11
0.313       2.11e-11
0.314       2.13e-11
0.315       2.14e-11
0.316       2.15e-11
0.317       2.17e-11
0.318       2.18e-11
0.319       2.19e-11
0.32       2.21e-11
0.321       2.22e-11
0.322       2.24e-11
0.323       2.25e-11
0.324       2.26e-11
0.325       2.28e-11
0.326       2.29e-11
0.327       2.31e-11
0.328       2.32e-11
0.329       2.33e-11
0.33       2.35e-11
0.331       2.36e-11
0.332       2.38e-11
0.333       2.39e-11
0.334        2.4e-11
0.335       2.42e-11
0.336       2.43e-11
0.337       2.45e-11
0.338       2.46e-11
0.339       2.48e-11
0.34       2.49e-11
0.341       2.51e-11
0.342       2.52e-11
0.343       2.54e-11
0.344       2.55e-11
0.345       2.57e-11
0.346       2.58e-11
0.347        2.6e-11
0.348       2.61e-11
0.349       2.63e-11
0.35       2.64e-11
0.351       2.66e-11
0.352       2.67e-11
0.353       2.69e-11
0.354        2.7e-11
0.355       2.72e-11
0.356       2.73e-11
0.357       2.75e-11
0.358       2.76e-11
0.359       2.78e-11
0.36       2.79e-11
0.361       2.81e-11
0.362       2.82e-11
0.363       2.84e-11
0.364       2.86e-11
0.365       2.87e-11
0.366       2.89e-11
0.367        2.9e-11
0.368       2.92e-11
0.369       2.94e-11
0.37       2.95e-11
0.371       2.97e-11
0.372       2.98e-11
0.373          3e-11
0.374       3.02e-11
0.375       3.03e-11
0.376       3.05e-11
0.377       3.06e-11
0.378       3.08e-11
0.379        3.1e-11
0.38       3.11e-11
0.381       3.13e-11
0.382       3.15e-11
0.383       3.16e-11
0.384       3.18e-11
0.385        3.2e-11
0.386       3.21e-11
0.387       3.23e-11
0.388       3.25e-11
0.389       3.26e-11
0.39       3.28e-11
0.391        3.3e-11
0.392       3.31e-11
0.393       3.33e-11
0.394       3.35e-11
0.395       3.36e-11
0.396       3.38e-11
0.397        3.4e-11
0.398       3.41e-11
0.399       3.43e-11
0.4       3.45e-11
0.401       3.47e-11
0.402       3.48e-11
0.403        3.5e-11
0.404       3.52e-11
0.405       3.54e-11
0.406       3.55e-11
0.407       3.57e-11
0.408       3.59e-11
0.409       3.61e-11
0.41       3.62e-11
0.411       3.64e-11
0.412       3.66e-11
0.413       3.68e-11
0.414       3.69e-11
0.415       3.71e-11
0.416       3.73e-11
0.417       3.75e-11
0.418       3.77e-11
0.419       3.78e-11
0.42        3.8e-11
0.421       3.82e-11
0.422       3.84e-11
0.423       3.86e-11
0.424       3.88e-11
0.425       3.89e-11
0.426       3.91e-11
0.427       3.93e-11
0.428       3.95e-11
0.429       3.97e-11
0.43       3.99e-11
0.431          4e-11
0.432       4.02e-11
0.433       4.04e-11
0.434       4.06e-11
0.435       4.08e-11
0.436        4.1e-11
0.437       4.12e-11
0.438       4.14e-11
0.439       4.15e-11
0.44       4.17e-11
0.441       4.19e-11
0.442       4.21e-11
0.443       4.23e-11
0.444       4.25e-11
0.445       4.27e-11
0.446       4.29e-11
0.447       4.31e-11
0.448       4.33e-11
0.449       4.35e-11
0.45       4.37e-11
0.451       4.38e-11
0.452        4.4e-11
0.453       4.42e-11
0.454       4.44e-11
0.455       4.46e-11
0.456       4.48e-11
0.457        4.5e-11
0.458       4.52e-11
0.459       4.54e-11
0.46       4.56e-11
0.461       4.58e-11
0.462        4.6e-11
0.463       4.62e-11
0.464       4.64e-11
0.465       4.66e-11
0.466       4.68e-11
0.467        4.7e-11
0.468       4.72e-11
0.469       4.74e-11
0.47       4.76e-11
0.471       4.78e-11
0.472        4.8e-11
0.473       4.82e-11
0.474       4.84e-11
0.475       4.86e-11
0.476       4.88e-11
0.477        4.9e-11
0.478       4.93e-11
0.479       4.95e-11
0.48       4.97e-11
0.481       4.99e-11
0.482       5.01e-11
0.483       5.03e-11
0.484       5.05e-11
0.485       5.07e-11
0.486       5.09e-11
0.487       5.11e-11
0.488       5.13e-11
0.489       5.15e-11
0.49       5.18e-11
0.491        5.2e-11
0.492       5.22e-11
0.493       5.24e-11
0.494       5.26e-11
0.495       5.28e-11
0.496        5.3e-11
0.497       5.32e-11
0.498       5.35e-11
0.499       5.37e-11
0.5       5.39e-11
0.501       5.41e-11
0.502       5.43e-11
0.503       5.45e-11
0.504       5.48e-11
0.505        5.5e-11
0.506       5.52e-11
0.507       5.54e-11
0.508       5.56e-11
0.509       5.58e-11
0.51       5.61e-11
0.511       5.63e-11
0.512       5.65e-11
0.513       5.67e-11
0.514        5.7e-11
0.515       5.72e-11
0.516       5.74e-11
0.517       5.76e-11
0.518       5.78e-11
0.519       5.81e-11
0.52       5.83e-11
0.521       5.85e-11
0.522       5.87e-11
0.523        5.9e-11
0.524       5.92e-11
0.525       5.94e-11
0.526       5.96e-11
0.527       5.99e-11
0.528       6.01e-11
0.529       6.03e-11
0.53       6.06e-11
0.531       6.08e-11
0.532        6.1e-11
0.533       6.12e-11
0.534       6.15e-11
0.535       6.17e-11
0.536       6.19e-11
0.537       6.22e-11
0.538       6.24e-11
0.539       6.26e-11
0.54       6.29e-11
0.541       6.31e-11
0.542       6.33e-11
0.543       6.36e-11
0.544       6.38e-11
0.545        6.4e-11
0.546       6.43e-11
0.547       6.45e-11
0.548       6.47e-11
0.549        6.5e-11
0.55       6.52e-11
0.551       6.54e-11
0.552       6.57e-11
0.553       6.59e-11
0.554       6.62e-11
0.555       6.64e-11
0.556       6.66e-11
0.557       6.69e-11
0.558       6.71e-11
0.559       6.74e-11
0.56       6.76e-11
0.561       6.78e-11
0.562       6.81e-11
0.563       6.83e-11
0.564       6.86e-11
0.565       6.88e-11
0.566       6.91e-11
0.567       6.93e-11
0.568       6.95e-11
0.569       6.98e-11
0.57          7e-11
0.571       7.03e-11
0.572       7.05e-11
0.573       7.08e-11
0.574        7.1e-11
0.575       7.13e-11
0.576       7.15e-11
0.577       7.18e-11
0.578        7.2e-11
0.579       7.23e-11
0.58       7.25e-11
0.581       7.28e-11
0.582        7.3e-11
0.583       7.33e-11
0.584       7.35e-11
0.585       7.38e-11
0.586        7.4e-11
0.587       7.43e-11
0.588       7.45e-11
0.589       7.48e-11
0.59        7.5e-11
0.591       7.53e-11
0.592       7.55e-11
0.593       7.58e-11
0.594       7.61e-11
0.595       7.63e-11
0.596       7.66e-11
0.597       7.68e-11
0.598       7.71e-11
0.599       7.73e-11
0.6       7.76e-11
0.601       7.79e-11
0.602       7.81e-11
0.603       7.84e-11
0.604       7.86e-11
0.605       7.89e-11
0.606       7.92e-11
0.607       7.94e-11
0.608       7.97e-11
0.609          8e-11
0.61       8.02e-11
0.611       8.05e-11
0.612       8.07e-11
0.613        8.1e-11
0.614       8.13e-11
0.615       8.15e-11
0.616       8.18e-11
0.617       8.21e-11
0.618       8.23e-11
0.619       8.26e-11
0.62       8.29e-11
0.621       8.31e-11
0.622       8.34e-11
0.623       8.37e-11
0.624       8.39e-11
0.625       8.42e-11
0.626       8.45e-11
0.627       8.47e-11
0.628        8.5e-11
0.629       8.53e-11
0.63       8.56e-11
0.631       8.58e-11
0.632       8.61e-11
0.633       8.64e-11
0.634       8.66e-11
0.635       8.69e-11
0.636       8.72e-11
0.637       8.75e-11
0.638       8.77e-11
0.639        8.8e-11
0.64       8.83e-11
0.641       8.86e-11
0.642       8.88e-11
0.643       8.91e-11
0.644       8.94e-11
0.645       8.97e-11
0.646          9e-11
0.647       9.02e-11
0.648       9.05e-11
0.649       9.08e-11
0.65       9.11e-11
0.651       9.14e-11
0.652       9.16e-11
0.653       9.19e-11
0.654       9.22e-11
0.655       9.25e-11
0.656       9.28e-11
0.657        9.3e-11
0.658       9.33e-11
0.659       9.36e-11
0.66       9.39e-11
0.661       9.42e-11
0.662       9.45e-11
0.663       9.48e-11
0.664        9.5e-11
0.665       9.53e-11
0.666       9.56e-11
0.667       9.59e-11
0.668       9.62e-11
0.669       9.65e-11
0.67       9.68e-11
0.671       9.71e-11
0.672       9.73e-11
0.673       9.76e-11
0.674       9.79e-11
0.675       9.82e-11
0.676       9.85e-11
0.677       9.88e-11
0.678       9.91e-11
0.679       9.94e-11
0.68       9.97e-11
0.681          1e-10
0.682          1e-10
0.683       1.01e-10
0.684       1.01e-10
0.685       1.01e-10
0.686       1.01e-10
0.687       1.02e-10
0.688       1.02e-10
0.689       1.02e-10
0.69       1.03e-10
0.691       1.03e-10
0.692       1.03e-10
0.693       1.04e-10
0.694       1.04e-10
0.695       1.04e-10
0.696       1.04e-10
0.697       1.05e-10
0.698       1.05e-10
0.699       1.05e-10
0.7       1.06e-10
0.701       1.06e-10
0.702       1.06e-10
0.703       1.07e-10
0.704       1.07e-10
0.705       1.07e-10
0.706       1.07e-10
0.707       1.08e-10
0.708       1.08e-10
0.709       1.08e-10
0.71       1.09e-10
0.711       1.09e-10
0.712       1.09e-10
0.713        1.1e-10
0.714        1.1e-10
0.715        1.1e-10
0.716       1.11e-10
0.717       1.11e-10
0.718       1.11e-10
0.719       1.11e-10
0.72       1.12e-10
0.721       1.12e-10
0.722       1.12e-10
0.723       1.13e-10
0.724       1.13e-10
0.725       1.13e-10
0.726       1.14e-10
0.727       1.14e-10
0.728       1.14e-10
0.729       1.15e-10
0.73       1.15e-10
0.731       1.15e-10
0.732       1.16e-10
0.733       1.16e-10
0.734       1.16e-10
0.735       1.16e-10
0.736       1.17e-10
0.737       1.17e-10
0.738       1.17e-10
0.739       1.18e-10
0.74       1.18e-10
0.741       1.18e-10
0.742       1.19e-10
0.743       1.19e-10
0.744       1.19e-10
0.745        1.2e-10
0.746        1.2e-10
0.747        1.2e-10
0.748       1.21e-10
0.749       1.21e-10
0.75       1.21e-10
0.751       1.22e-10
0.752       1.22e-10
0.753       1.22e-10
0.754       1.23e-10
0.755       1.23e-10
0.756       1.23e-10
0.757       1.24e-10
0.758       1.24e-10
0.759       1.24e-10
0.76       1.25e-10
0.761       1.25e-10
0.762       1.25e-10
0.763       1.25e-10
0.764       1.26e-10
0.765       1.26e-10
0.766       1.26e-10
0.767       1.27e-10
0.768       1.27e-10
0.769       1.27e-10
0.77       1.28e-10
0.771       1.28e-10
0.772       1.28e-10
0.773       1.29e-10
0.774       1.29e-10
0.775       1.29e-10
0.776        1.3e-10
0.777        1.3e-10
0.778        1.3e-10
0.779       1.31e-10
0.78       1.31e-10
0.781       1.31e-10
0.782       1.32e-10
0.783       1.32e-10
0.784       1.33e-10
0.785       1.33e-10
0.786       1.33e-10
0.787       1.34e-10
0.788       1.34e-10
0.789       1.34e-10
0.79       1.35e-10
0.791       1.35e-10
0.792       1.35e-10
0.793       1.36e-10
0.794       1.36e-10
0.795       1.36e-10
0.796       1.37e-10
0.797       1.37e-10
0.798       1.37e-10
0.799       1.38e-10
0.8       1.38e-10
0.801       1.38e-10
0.802       1.39e-10
0.803       1.39e-10
0.804       1.39e-10
0.805        1.4e-10
0.806        1.4e-10
0.807        1.4e-10
0.808       1.41e-10
0.809       1.41e-10
0.81       1.41e-10
0.811       1.42e-10
0.812       1.42e-10
0.813       1.42e-10
0.814       1.43e-10
0.815       1.43e-10
0.816       1.44e-10
0.817       1.44e-10
0.818       1.44e-10
0.819       1.45e-10
0.82       1.45e-10
0.821       1.45e-10
0.822       1.46e-10
0.823       1.46e-10
0.824       1.46e-10
0.825       1.47e-10
0.826       1.47e-10
0.827       1.47e-10
0.828       1.48e-10
0.829       1.48e-10
0.83       1.49e-10
0.831       1.49e-10
0.832       1.49e-10
0.833        1.5e-10
0.834        1.5e-10
0.835        1.5e-10
0.836       1.51e-10
0.837       1.51e-10
0.838       1.51e-10
0.839       1.52e-10
0.84       1.52e-10
0.841       1.52e-10
0.842       1.53e-10
0.843       1.53e-10
0.844       1.54e-10
0.845       1.54e-10
0.846       1.54e-10
0.847       1.55e-10
0.848       1.55e-10
0.849       1.55e-10
0.85       1.56e-10
0.851       1.56e-10
0.852       1.56e-10
0.853       1.57e-10
0.854       1.57e-10
0.855       1.58e-10
0.856       1.58e-10
0.857       1.58e-10
0.858       1.59e-10
0.859       1.59e-10
0.86       1.59e-10
0.861        1.6e-10
0.862        1.6e-10
0.863       1.61e-10
0.864       1.61e-10
0.865       1.61e-10
0.866       1.62e-10
0.867       1.62e-10
0.868       1.62e-10
0.869       1.63e-10
0.87       1.63e-10
0.871       1.64e-10
0.872       1.64e-10
0.873       1.64e-10
0.874       1.65e-10
0.875       1.65e-10
0.876       1.65e-10
0.877       1.66e-10
0.878       1.66e-10
0.879       1.67e-10
0.88       1.67e-10
0.881       1.67e-10
0.882       1.68e-10
0.883       1.68e-10
0.884       1.68e-10
0.885       1.69e-10
0.886       1.69e-10
0.887        1.7e-10
0.888        1.7e-10
0.889        1.7e-10
0.89       1.71e-10
0.891       1.71e-10
0.892       1.72e-10
0.893       1.72e-10
0.894       1.72e-10
0.895       1.73e-10
0.896       1.73e-10
0.897       1.73e-10
0.898       1.74e-10
0.899       1.74e-10
0.9       1.75e-10
0.901       1.75e-10
0.902       1.75e-10
0.903       1.76e-10
0.904       1.76e-10
0.905       1.77e-10
0.906       1.77e-10
0.907       1.77e-10
0.908       1.78e-10
0.909       1.78e-10
0.91       1.79e-10
0.911       1.79e-10
0.912       1.79e-10
0.913        1.8e-10
0.914        1.8e-10
0.915        1.8e-10
0.916       1.81e-10
0.917       1.81e-10
0.918       1.82e-10
0.919       1.82e-10
0.92       1.82e-10
0.921       1.83e-10
0.922       1.83e-10
0.923       1.84e-10
0.924       1.84e-10
0.925       1.84e-10
0.926       1.85e-10
0.927       1.85e-10
0.928       1.86e-10
0.929       1.86e-10
0.93       1.86e-10
0.931       1.87e-10
0.932       1.87e-10
0.933       1.88e-10
0.934       1.88e-10
0.935       1.88e-10
0.936       1.89e-10
0.937       1.89e-10
0.938        1.9e-10
0.939        1.9e-10
0.94        1.9e-10
0.941       1.91e-10
0.942       1.91e-10
0.943       1.92e-10
0.944       1.92e-10
0.945       1.93e-10
0.946       1.93e-10
0.947       1.93e-10
0.948       1.94e-10
0.949       1.94e-10
0.95       1.95e-10
0.951       1.95e-10
0.952       1.95e-10
0.953       1.96e-10
0.954       1.96e-10
0.955       1.97e-10
0.956       1.97e-10
0.957       1.97e-10
0.958       1.98e-10
0.959       1.98e-10
0.96       1.99e-10
0.961       1.99e-10
0.962       1.99e-10
0.963          2e-10
0.964          2e-10
0.965       2.01e-10
0.966       2.01e-10
0.967       2.02e-10
0.968       2.02e-10
0.969       2.02e-10
0.97       2.03e-10
0.971       2.03e-10
0.972       2.04e-10
0.973       2.04e-10
0.974       2.05e-10
0.975       2.05e-10
0.976       2.05e-10
0.977       2.06e-10
0.978       2.06e-10
0.979       2.07e-10
0.98       2.07e-10
0.981       2.07e-10
0.982       2.08e-10
0.983       2.08e-10
0.984       2.09e-10
0.985       2.09e-10
0.986        2.1e-10
0.987        2.1e-10
0.988        2.1e-10
0.989       2.11e-10
0.99       2.11e-10
0.991       2.12e-10
0.992       2.12e-10
0.993       2.13e-10
0.994       2.13e-10
0.995       2.13e-10
0.996       2.14e-10
0.997       2.14e-10
0.998       2.15e-10
0.999       2.15e-10
1       2.16e-10
