* Spectral function from O.Benhar, file name: sf_Benhar_2.dat
* A=2
   1000   1 
     1.000  20.0   4.1800e-03   4.1800e-03  1.  20. 
     2.000  20.0   1.6700e-02   1.6700e-02  1.  20. 
     3.000  20.0   3.7400e-02   3.7400e-02  1.  20. 
     4.000  20.0   6.6000e-02   6.6000e-02  1.  20. 
     5.000  20.0   1.0200e-01   1.0200e-01  1.  20. 
     6.000  20.0   1.4600e-01   1.4600e-01  1.  20. 
     7.000  20.0   1.9600e-01   1.9600e-01  1.  20. 
     8.000  20.0   2.5200e-01   2.5200e-01  1.  20. 
     9.000  20.0   3.1400e-01   3.1400e-01  1.  20. 
    10.000  20.0   3.8000e-01   3.8000e-01  1.  20. 
    11.000  20.0   4.5100e-01   4.5100e-01  1.  20. 
    12.000  20.0   5.2600e-01   5.2600e-01  1.  20. 
    13.000  20.0   6.0300e-01   6.0300e-01  1.  20. 
    14.000  20.0   6.8200e-01   6.8200e-01  1.  20. 
    15.000  20.0   7.6300e-01   7.6300e-01  1.  20. 
    16.000  20.0   8.4500e-01   8.4500e-01  1.  20. 
    17.000  20.0   9.2600e-01   9.2600e-01  1.  20. 
    18.000  20.0   1.0100e+00   1.0100e+00  1.  20. 
    19.000  20.0   1.0900e+00   1.0900e+00  1.  20. 
    20.000  20.0   1.1700e+00   1.1700e+00  1.  20. 
    21.000  20.0   1.2400e+00   1.2400e+00  1.  20. 
    22.000  20.0   1.3200e+00   1.3200e+00  1.  20. 
    23.000  20.0   1.3900e+00   1.3900e+00  1.  20. 
    24.000  20.0   1.4600e+00   1.4600e+00  1.  20. 
    25.000  20.0   1.5200e+00   1.5200e+00  1.  20. 
    26.000  20.0   1.5800e+00   1.5800e+00  1.  20. 
    27.000  20.0   1.6400e+00   1.6400e+00  1.  20. 
    28.000  20.0   1.7000e+00   1.7000e+00  1.  20. 
    29.000  20.0   1.7500e+00   1.7500e+00  1.  20. 
    30.000  20.0   1.7900e+00   1.7900e+00  1.  20. 
    31.000  20.0   1.8400e+00   1.8400e+00  1.  20. 
    32.000  20.0   1.8700e+00   1.8700e+00  1.  20. 
    33.000  20.0   1.9100e+00   1.9100e+00  1.  20. 
    34.000  20.0   1.9400e+00   1.9400e+00  1.  20. 
    35.000  20.0   1.9700e+00   1.9700e+00  1.  20. 
    36.000  20.0   1.9900e+00   1.9900e+00  1.  20. 
    37.000  20.0   2.0100e+00   2.0100e+00  1.  20. 
    38.000  20.0   2.0300e+00   2.0300e+00  1.  20. 
    39.000  20.0   2.0400e+00   2.0400e+00  1.  20. 
    40.000  20.0   2.0500e+00   2.0500e+00  1.  20. 
    41.000  20.0   2.0600e+00   2.0600e+00  1.  20. 
    42.000  20.0   2.0600e+00   2.0600e+00  1.  20. 
    43.000  20.0   2.0700e+00   2.0700e+00  1.  20. 
    44.000  20.0   2.0700e+00   2.0700e+00  1.  20. 
    45.000  20.0   2.0600e+00   2.0600e+00  1.  20. 
    46.000  20.0   2.0600e+00   2.0600e+00  1.  20. 
    47.000  20.0   2.0500e+00   2.0500e+00  1.  20. 
    48.000  20.0   2.0400e+00   2.0400e+00  1.  20. 
    49.000  20.0   2.0300e+00   2.0300e+00  1.  20. 
    50.000  20.0   2.0200e+00   2.0200e+00  1.  20. 
    51.000  20.0   2.0100e+00   2.0100e+00  1.  20. 
    52.000  20.0   1.9900e+00   1.9900e+00  1.  20. 
    53.000  20.0   1.9700e+00   1.9700e+00  1.  20. 
    54.000  20.0   1.9600e+00   1.9600e+00  1.  20. 
    55.000  20.0   1.9400e+00   1.9400e+00  1.  20. 
    56.000  20.0   1.9200e+00   1.9200e+00  1.  20. 
    57.000  20.0   1.9000e+00   1.9000e+00  1.  20. 
    58.000  20.0   1.8800e+00   1.8800e+00  1.  20. 
    59.000  20.0   1.8600e+00   1.8600e+00  1.  20. 
    60.000  20.0   1.8300e+00   1.8300e+00  1.  20. 
    61.000  20.0   1.8100e+00   1.8100e+00  1.  20. 
    62.000  20.0   1.7900e+00   1.7900e+00  1.  20. 
    63.000  20.0   1.7600e+00   1.7600e+00  1.  20. 
    64.000  20.0   1.7400e+00   1.7400e+00  1.  20. 
    65.000  20.0   1.7200e+00   1.7200e+00  1.  20. 
    66.000  20.0   1.6900e+00   1.6900e+00  1.  20. 
    67.000  20.0   1.6700e+00   1.6700e+00  1.  20. 
    68.000  20.0   1.6400e+00   1.6400e+00  1.  20. 
    69.000  20.0   1.6200e+00   1.6200e+00  1.  20. 
    70.000  20.0   1.5900e+00   1.5900e+00  1.  20. 
    71.000  20.0   1.5700e+00   1.5700e+00  1.  20. 
    72.000  20.0   1.5500e+00   1.5500e+00  1.  20. 
    73.000  20.0   1.5200e+00   1.5200e+00  1.  20. 
    74.000  20.0   1.5000e+00   1.5000e+00  1.  20. 
    75.000  20.0   1.4700e+00   1.4700e+00  1.  20. 
    76.000  20.0   1.4500e+00   1.4500e+00  1.  20. 
    77.000  20.0   1.4200e+00   1.4200e+00  1.  20. 
    78.000  20.0   1.4000e+00   1.4000e+00  1.  20. 
    79.000  20.0   1.3800e+00   1.3800e+00  1.  20. 
    80.000  20.0   1.3500e+00   1.3500e+00  1.  20. 
    81.000  20.0   1.3300e+00   1.3300e+00  1.  20. 
    82.000  20.0   1.3100e+00   1.3100e+00  1.  20. 
    83.000  20.0   1.2900e+00   1.2900e+00  1.  20. 
    84.000  20.0   1.2600e+00   1.2600e+00  1.  20. 
    85.000  20.0   1.2400e+00   1.2400e+00  1.  20. 
    86.000  20.0   1.2200e+00   1.2200e+00  1.  20. 
    87.000  20.0   1.2000e+00   1.2000e+00  1.  20. 
    88.000  20.0   1.1800e+00   1.1800e+00  1.  20. 
    89.000  20.0   1.1600e+00   1.1600e+00  1.  20. 
    90.000  20.0   1.1400e+00   1.1400e+00  1.  20. 
    91.000  20.0   1.1200e+00   1.1200e+00  1.  20. 
    92.000  20.0   1.1000e+00   1.1000e+00  1.  20. 
    93.000  20.0   1.0800e+00   1.0800e+00  1.  20. 
    94.000  20.0   1.0600e+00   1.0600e+00  1.  20. 
    95.000  20.0   1.0400e+00   1.0400e+00  1.  20. 
    96.000  20.0   1.0200e+00   1.0200e+00  1.  20. 
    97.000  20.0   1.0000e+00   1.0000e+00  1.  20. 
    98.000  20.0   9.8400e-01   9.8400e-01  1.  20. 
    99.000  20.0   9.6600e-01   9.6600e-01  1.  20. 
   100.000  20.0   9.4900e-01   9.4900e-01  1.  20. 
   101.000  20.0   9.3100e-01   9.3100e-01  1.  20. 
   102.000  20.0   9.1500e-01   9.1500e-01  1.  20. 
   103.000  20.0   8.9800e-01   8.9800e-01  1.  20. 
   104.000  20.0   8.8200e-01   8.8200e-01  1.  20. 
   105.000  20.0   8.6600e-01   8.6600e-01  1.  20. 
   106.000  20.0   8.5000e-01   8.5000e-01  1.  20. 
   107.000  20.0   8.3400e-01   8.3400e-01  1.  20. 
   108.000  20.0   8.1900e-01   8.1900e-01  1.  20. 
   109.000  20.0   8.0400e-01   8.0400e-01  1.  20. 
   110.000  20.0   7.9000e-01   7.9000e-01  1.  20. 
   111.000  20.0   7.7500e-01   7.7500e-01  1.  20. 
   112.000  20.0   7.6100e-01   7.6100e-01  1.  20. 
   113.000  20.0   7.4700e-01   7.4700e-01  1.  20. 
   114.000  20.0   7.3400e-01   7.3400e-01  1.  20. 
   115.000  20.0   7.2000e-01   7.2000e-01  1.  20. 
   116.000  20.0   7.0700e-01   7.0700e-01  1.  20. 
   117.000  20.0   6.9500e-01   6.9500e-01  1.  20. 
   118.000  20.0   6.8200e-01   6.8200e-01  1.  20. 
   119.000  20.0   6.7000e-01   6.7000e-01  1.  20. 
   120.000  20.0   6.5700e-01   6.5700e-01  1.  20. 
   121.000  20.0   6.4500e-01   6.4500e-01  1.  20. 
   122.000  20.0   6.3400e-01   6.3400e-01  1.  20. 
   123.000  20.0   6.2200e-01   6.2200e-01  1.  20. 
   124.000  20.0   6.1100e-01   6.1100e-01  1.  20. 
   125.000  20.0   6.0000e-01   6.0000e-01  1.  20. 
   126.000  20.0   5.8900e-01   5.8900e-01  1.  20. 
   127.000  20.0   5.7900e-01   5.7900e-01  1.  20. 
   128.000  20.0   5.6800e-01   5.6800e-01  1.  20. 
   129.000  20.0   5.5800e-01   5.5800e-01  1.  20. 
   130.000  20.0   5.4800e-01   5.4800e-01  1.  20. 
   131.000  20.0   5.3800e-01   5.3800e-01  1.  20. 
   132.000  20.0   5.2800e-01   5.2800e-01  1.  20. 
   133.000  20.0   5.1900e-01   5.1900e-01  1.  20. 
   134.000  20.0   5.1000e-01   5.1000e-01  1.  20. 
   135.000  20.0   5.0000e-01   5.0000e-01  1.  20. 
   136.000  20.0   4.9100e-01   4.9100e-01  1.  20. 
   137.000  20.0   4.8300e-01   4.8300e-01  1.  20. 
   138.000  20.0   4.7400e-01   4.7400e-01  1.  20. 
   139.000  20.0   4.6600e-01   4.6600e-01  1.  20. 
   140.000  20.0   4.5700e-01   4.5700e-01  1.  20. 
   141.000  20.0   4.4900e-01   4.4900e-01  1.  20. 
   142.000  20.0   4.4100e-01   4.4100e-01  1.  20. 
   143.000  20.0   4.3300e-01   4.3300e-01  1.  20. 
   144.000  20.0   4.2600e-01   4.2600e-01  1.  20. 
   145.000  20.0   4.1800e-01   4.1800e-01  1.  20. 
   146.000  20.0   4.1100e-01   4.1100e-01  1.  20. 
   147.000  20.0   4.0400e-01   4.0400e-01  1.  20. 
   148.000  20.0   3.9700e-01   3.9700e-01  1.  20. 
   149.000  20.0   3.9000e-01   3.9000e-01  1.  20. 
   150.000  20.0   3.8300e-01   3.8300e-01  1.  20. 
   151.000  20.0   3.7600e-01   3.7600e-01  1.  20. 
   152.000  20.0   3.7000e-01   3.7000e-01  1.  20. 
   153.000  20.0   3.6300e-01   3.6300e-01  1.  20. 
   154.000  20.0   3.5700e-01   3.5700e-01  1.  20. 
   155.000  20.0   3.5100e-01   3.5100e-01  1.  20. 
   156.000  20.0   3.4400e-01   3.4400e-01  1.  20. 
   157.000  20.0   3.3800e-01   3.3800e-01  1.  20. 
   158.000  20.0   3.3300e-01   3.3300e-01  1.  20. 
   159.000  20.0   3.2700e-01   3.2700e-01  1.  20. 
   160.000  20.0   3.2100e-01   3.2100e-01  1.  20. 
   161.000  20.0   3.1600e-01   3.1600e-01  1.  20. 
   162.000  20.0   3.1000e-01   3.1000e-01  1.  20. 
   163.000  20.0   3.0500e-01   3.0500e-01  1.  20. 
   164.000  20.0   3.0000e-01   3.0000e-01  1.  20. 
   165.000  20.0   2.9500e-01   2.9500e-01  1.  20. 
   166.000  20.0   2.9000e-01   2.9000e-01  1.  20. 
   167.000  20.0   2.8500e-01   2.8500e-01  1.  20. 
   168.000  20.0   2.8000e-01   2.8000e-01  1.  20. 
   169.000  20.0   2.7500e-01   2.7500e-01  1.  20. 
   170.000  20.0   2.7000e-01   2.7000e-01  1.  20. 
   171.000  20.0   2.6600e-01   2.6600e-01  1.  20. 
   172.000  20.0   2.6100e-01   2.6100e-01  1.  20. 
   173.000  20.0   2.5700e-01   2.5700e-01  1.  20. 
   174.000  20.0   2.5300e-01   2.5300e-01  1.  20. 
   175.000  20.0   2.4800e-01   2.4800e-01  1.  20. 
   176.000  20.0   2.4400e-01   2.4400e-01  1.  20. 
   177.000  20.0   2.4000e-01   2.4000e-01  1.  20. 
   178.000  20.0   2.3600e-01   2.3600e-01  1.  20. 
   179.000  20.0   2.3200e-01   2.3200e-01  1.  20. 
   180.000  20.0   2.2800e-01   2.2800e-01  1.  20. 
   181.000  20.0   2.2400e-01   2.2400e-01  1.  20. 
   182.000  20.0   2.2100e-01   2.2100e-01  1.  20. 
   183.000  20.0   2.1700e-01   2.1700e-01  1.  20. 
   184.000  20.0   2.1300e-01   2.1300e-01  1.  20. 
   185.000  20.0   2.1000e-01   2.1000e-01  1.  20. 
   186.000  20.0   2.0700e-01   2.0700e-01  1.  20. 
   187.000  20.0   2.0300e-01   2.0300e-01  1.  20. 
   188.000  20.0   2.0000e-01   2.0000e-01  1.  20. 
   189.000  20.0   1.9700e-01   1.9700e-01  1.  20. 
   190.000  20.0   1.9300e-01   1.9300e-01  1.  20. 
   191.000  20.0   1.9000e-01   1.9000e-01  1.  20. 
   192.000  20.0   1.8700e-01   1.8700e-01  1.  20. 
   193.000  20.0   1.8400e-01   1.8400e-01  1.  20. 
   194.000  20.0   1.8100e-01   1.8100e-01  1.  20. 
   195.000  20.0   1.7800e-01   1.7800e-01  1.  20. 
   196.000  20.0   1.7500e-01   1.7500e-01  1.  20. 
   197.000  20.0   1.7200e-01   1.7200e-01  1.  20. 
   198.000  20.0   1.7000e-01   1.7000e-01  1.  20. 
   199.000  20.0   1.6700e-01   1.6700e-01  1.  20. 
   200.000  20.0   1.6400e-01   1.6400e-01  1.  20. 
   201.000  20.0   1.6200e-01   1.6200e-01  1.  20. 
   202.000  20.0   1.5900e-01   1.5900e-01  1.  20. 
   203.000  20.0   1.5700e-01   1.5700e-01  1.  20. 
   204.000  20.0   1.5400e-01   1.5400e-01  1.  20. 
   205.000  20.0   1.5200e-01   1.5200e-01  1.  20. 
   206.000  20.0   1.4900e-01   1.4900e-01  1.  20. 
   207.000  20.0   1.4700e-01   1.4700e-01  1.  20. 
   208.000  20.0   1.4500e-01   1.4500e-01  1.  20. 
   209.000  20.0   1.4200e-01   1.4200e-01  1.  20. 
   210.000  20.0   1.4000e-01   1.4000e-01  1.  20. 
   211.000  20.0   1.3800e-01   1.3800e-01  1.  20. 
   212.000  20.0   1.3600e-01   1.3600e-01  1.  20. 
   213.000  20.0   1.3400e-01   1.3400e-01  1.  20. 
   214.000  20.0   1.3200e-01   1.3200e-01  1.  20. 
   215.000  20.0   1.3000e-01   1.3000e-01  1.  20. 
   216.000  20.0   1.2800e-01   1.2800e-01  1.  20. 
   217.000  20.0   1.2600e-01   1.2600e-01  1.  20. 
   218.000  20.0   1.2400e-01   1.2400e-01  1.  20. 
   219.000  20.0   1.2200e-01   1.2200e-01  1.  20. 
   220.000  20.0   1.2000e-01   1.2000e-01  1.  20. 
   221.000  20.0   1.1800e-01   1.1800e-01  1.  20. 
   222.000  20.0   1.1700e-01   1.1700e-01  1.  20. 
   223.000  20.0   1.1500e-01   1.1500e-01  1.  20. 
   224.000  20.0   1.1300e-01   1.1300e-01  1.  20. 
   225.000  20.0   1.1100e-01   1.1100e-01  1.  20. 
   226.000  20.0   1.1000e-01   1.1000e-01  1.  20. 
   227.000  20.0   1.0800e-01   1.0800e-01  1.  20. 
   228.000  20.0   1.0700e-01   1.0700e-01  1.  20. 
   229.000  20.0   1.0500e-01   1.0500e-01  1.  20. 
   230.000  20.0   1.0300e-01   1.0300e-01  1.  20. 
   231.000  20.0   1.0200e-01   1.0200e-01  1.  20. 
   232.000  20.0   1.0000e-01   1.0000e-01  1.  20. 
   233.000  20.0   9.9000e-02   9.9000e-02  1.  20. 
   234.000  20.0   9.7500e-02   9.7500e-02  1.  20. 
   235.000  20.0   9.6100e-02   9.6100e-02  1.  20. 
   236.000  20.0   9.4700e-02   9.4700e-02  1.  20. 
   237.000  20.0   9.3400e-02   9.3400e-02  1.  20. 
   238.000  20.0   9.2000e-02   9.2000e-02  1.  20. 
   239.000  20.0   9.0700e-02   9.0700e-02  1.  20. 
   240.000  20.0   8.9400e-02   8.9400e-02  1.  20. 
   241.000  20.0   8.8200e-02   8.8200e-02  1.  20. 
   242.000  20.0   8.6900e-02   8.6900e-02  1.  20. 
   243.000  20.0   8.5700e-02   8.5700e-02  1.  20. 
   244.000  20.0   8.4500e-02   8.4500e-02  1.  20. 
   245.000  20.0   8.3300e-02   8.3300e-02  1.  20. 
   246.000  20.0   8.2200e-02   8.2200e-02  1.  20. 
   247.000  20.0   8.1000e-02   8.1000e-02  1.  20. 
   248.000  20.0   7.9900e-02   7.9900e-02  1.  20. 
   249.000  20.0   7.8800e-02   7.8800e-02  1.  20. 
   250.000  20.0   7.7700e-02   7.7700e-02  1.  20. 
   251.000  20.0   7.6700e-02   7.6700e-02  1.  20. 
   252.000  20.0   7.5600e-02   7.5600e-02  1.  20. 
   253.000  20.0   7.4600e-02   7.4600e-02  1.  20. 
   254.000  20.0   7.3600e-02   7.3600e-02  1.  20. 
   255.000  20.0   7.2600e-02   7.2600e-02  1.  20. 
   256.000  20.0   7.1700e-02   7.1700e-02  1.  20. 
   257.000  20.0   7.0700e-02   7.0700e-02  1.  20. 
   258.000  20.0   6.9800e-02   6.9800e-02  1.  20. 
   259.000  20.0   6.8800e-02   6.8800e-02  1.  20. 
   260.000  20.0   6.7900e-02   6.7900e-02  1.  20. 
   261.000  20.0   6.7000e-02   6.7000e-02  1.  20. 
   262.000  20.0   6.6200e-02   6.6200e-02  1.  20. 
   263.000  20.0   6.5300e-02   6.5300e-02  1.  20. 
   264.000  20.0   6.4500e-02   6.4500e-02  1.  20. 
   265.000  20.0   6.3600e-02   6.3600e-02  1.  20. 
   266.000  20.0   6.2800e-02   6.2800e-02  1.  20. 
   267.000  20.0   6.2000e-02   6.2000e-02  1.  20. 
   268.000  20.0   6.1200e-02   6.1200e-02  1.  20. 
   269.000  20.0   6.0500e-02   6.0500e-02  1.  20. 
   270.000  20.0   5.9700e-02   5.9700e-02  1.  20. 
   271.000  20.0   5.9000e-02   5.9000e-02  1.  20. 
   272.000  20.0   5.8200e-02   5.8200e-02  1.  20. 
   273.000  20.0   5.7500e-02   5.7500e-02  1.  20. 
   274.000  20.0   5.6800e-02   5.6800e-02  1.  20. 
   275.000  20.0   5.6100e-02   5.6100e-02  1.  20. 
   276.000  20.0   5.5400e-02   5.5400e-02  1.  20. 
   277.000  20.0   5.4800e-02   5.4800e-02  1.  20. 
   278.000  20.0   5.4100e-02   5.4100e-02  1.  20. 
   279.000  20.0   5.3400e-02   5.3400e-02  1.  20. 
   280.000  20.0   5.2800e-02   5.2800e-02  1.  20. 
   281.000  20.0   5.2200e-02   5.2200e-02  1.  20. 
   282.000  20.0   5.1600e-02   5.1600e-02  1.  20. 
   283.000  20.0   5.1000e-02   5.1000e-02  1.  20. 
   284.000  20.0   5.0400e-02   5.0400e-02  1.  20. 
   285.000  20.0   4.9800e-02   4.9800e-02  1.  20. 
   286.000  20.0   4.9200e-02   4.9200e-02  1.  20. 
   287.000  20.0   4.8600e-02   4.8600e-02  1.  20. 
   288.000  20.0   4.8100e-02   4.8100e-02  1.  20. 
   289.000  20.0   4.7500e-02   4.7500e-02  1.  20. 
   290.000  20.0   4.7000e-02   4.7000e-02  1.  20. 
   291.000  20.0   4.6500e-02   4.6500e-02  1.  20. 
   292.000  20.0   4.5900e-02   4.5900e-02  1.  20. 
   293.000  20.0   4.5400e-02   4.5400e-02  1.  20. 
   294.000  20.0   4.4900e-02   4.4900e-02  1.  20. 
   295.000  20.0   4.4400e-02   4.4400e-02  1.  20. 
   296.000  20.0   4.4000e-02   4.4000e-02  1.  20. 
   297.000  20.0   4.3500e-02   4.3500e-02  1.  20. 
   298.000  20.0   4.3000e-02   4.3000e-02  1.  20. 
   299.000  20.0   4.2600e-02   4.2600e-02  1.  20. 
   300.000  20.0   4.2100e-02   4.2100e-02  1.  20. 
   301.000  20.0   4.1700e-02   4.1700e-02  1.  20. 
   302.000  20.0   4.1200e-02   4.1200e-02  1.  20. 
   303.000  20.0   4.0800e-02   4.0800e-02  1.  20. 
   304.000  20.0   4.0400e-02   4.0400e-02  1.  20. 
   305.000  20.0   3.9900e-02   3.9900e-02  1.  20. 
   306.000  20.0   3.9500e-02   3.9500e-02  1.  20. 
   307.000  20.0   3.9100e-02   3.9100e-02  1.  20. 
   308.000  20.0   3.8700e-02   3.8700e-02  1.  20. 
   309.000  20.0   3.8300e-02   3.8300e-02  1.  20. 
   310.000  20.0   3.8000e-02   3.8000e-02  1.  20. 
   311.000  20.0   3.7600e-02   3.7600e-02  1.  20. 
   312.000  20.0   3.7200e-02   3.7200e-02  1.  20. 
   313.000  20.0   3.6800e-02   3.6800e-02  1.  20. 
   314.000  20.0   3.6500e-02   3.6500e-02  1.  20. 
   315.000  20.0   3.6100e-02   3.6100e-02  1.  20. 
   316.000  20.0   3.5800e-02   3.5800e-02  1.  20. 
   317.000  20.0   3.5400e-02   3.5400e-02  1.  20. 
   318.000  20.0   3.5100e-02   3.5100e-02  1.  20. 
   319.000  20.0   3.4800e-02   3.4800e-02  1.  20. 
   320.000  20.0   3.4500e-02   3.4500e-02  1.  20. 
   321.000  20.0   3.4100e-02   3.4100e-02  1.  20. 
   322.000  20.0   3.3800e-02   3.3800e-02  1.  20. 
   323.000  20.0   3.3500e-02   3.3500e-02  1.  20. 
   324.000  20.0   3.3200e-02   3.3200e-02  1.  20. 
   325.000  20.0   3.2900e-02   3.2900e-02  1.  20. 
   326.000  20.0   3.2600e-02   3.2600e-02  1.  20. 
   327.000  20.0   3.2300e-02   3.2300e-02  1.  20. 
   328.000  20.0   3.2000e-02   3.2000e-02  1.  20. 
   329.000  20.0   3.1800e-02   3.1800e-02  1.  20. 
   330.000  20.0   3.1500e-02   3.1500e-02  1.  20. 
   331.000  20.0   3.1200e-02   3.1200e-02  1.  20. 
   332.000  20.0   3.0900e-02   3.0900e-02  1.  20. 
   333.000  20.0   3.0700e-02   3.0700e-02  1.  20. 
   334.000  20.0   3.0400e-02   3.0400e-02  1.  20. 
   335.000  20.0   3.0200e-02   3.0200e-02  1.  20. 
   336.000  20.0   2.9900e-02   2.9900e-02  1.  20. 
   337.000  20.0   2.9700e-02   2.9700e-02  1.  20. 
   338.000  20.0   2.9400e-02   2.9400e-02  1.  20. 
   339.000  20.0   2.9200e-02   2.9200e-02  1.  20. 
   340.000  20.0   2.8900e-02   2.8900e-02  1.  20. 
   341.000  20.0   2.8700e-02   2.8700e-02  1.  20. 
   342.000  20.0   2.8500e-02   2.8500e-02  1.  20. 
   343.000  20.0   2.8300e-02   2.8300e-02  1.  20. 
   344.000  20.0   2.8000e-02   2.8000e-02  1.  20. 
   345.000  20.0   2.7800e-02   2.7800e-02  1.  20. 
   346.000  20.0   2.7600e-02   2.7600e-02  1.  20. 
   347.000  20.0   2.7400e-02   2.7400e-02  1.  20. 
   348.000  20.0   2.7200e-02   2.7200e-02  1.  20. 
   349.000  20.0   2.7000e-02   2.7000e-02  1.  20. 
   350.000  20.0   2.6800e-02   2.6800e-02  1.  20. 
   351.000  20.0   2.6600e-02   2.6600e-02  1.  20. 
   352.000  20.0   2.6400e-02   2.6400e-02  1.  20. 
   353.000  20.0   2.6200e-02   2.6200e-02  1.  20. 
   354.000  20.0   2.6000e-02   2.6000e-02  1.  20. 
   355.000  20.0   2.5800e-02   2.5800e-02  1.  20. 
   356.000  20.0   2.5600e-02   2.5600e-02  1.  20. 
   357.000  20.0   2.5400e-02   2.5400e-02  1.  20. 
   358.000  20.0   2.5300e-02   2.5300e-02  1.  20. 
   359.000  20.0   2.5100e-02   2.5100e-02  1.  20. 
   360.000  20.0   2.4900e-02   2.4900e-02  1.  20. 
   361.000  20.0   2.4700e-02   2.4700e-02  1.  20. 
   362.000  20.0   2.4600e-02   2.4600e-02  1.  20. 
   363.000  20.0   2.4400e-02   2.4400e-02  1.  20. 
   364.000  20.0   2.4200e-02   2.4200e-02  1.  20. 
   365.000  20.0   2.4100e-02   2.4100e-02  1.  20. 
   366.000  20.0   2.3900e-02   2.3900e-02  1.  20. 
   367.000  20.0   2.3800e-02   2.3800e-02  1.  20. 
   368.000  20.0   2.3600e-02   2.3600e-02  1.  20. 
   369.000  20.0   2.3500e-02   2.3500e-02  1.  20. 
   370.000  20.0   2.3300e-02   2.3300e-02  1.  20. 
   371.000  20.0   2.3200e-02   2.3200e-02  1.  20. 
   372.000  20.0   2.3000e-02   2.3000e-02  1.  20. 
   373.000  20.0   2.2900e-02   2.2900e-02  1.  20. 
   374.000  20.0   2.2700e-02   2.2700e-02  1.  20. 
   375.000  20.0   2.2600e-02   2.2600e-02  1.  20. 
   376.000  20.0   2.2400e-02   2.2400e-02  1.  20. 
   377.000  20.0   2.2300e-02   2.2300e-02  1.  20. 
   378.000  20.0   2.2200e-02   2.2200e-02  1.  20. 
   379.000  20.0   2.2000e-02   2.2000e-02  1.  20. 
   380.000  20.0   2.1900e-02   2.1900e-02  1.  20. 
   381.000  20.0   2.1800e-02   2.1800e-02  1.  20. 
   382.000  20.0   2.1600e-02   2.1600e-02  1.  20. 
   383.000  20.0   2.1500e-02   2.1500e-02  1.  20. 
   384.000  20.0   2.1400e-02   2.1400e-02  1.  20. 
   385.000  20.0   2.1300e-02   2.1300e-02  1.  20. 
   386.000  20.0   2.1200e-02   2.1200e-02  1.  20. 
   387.000  20.0   2.1000e-02   2.1000e-02  1.  20. 
   388.000  20.0   2.0900e-02   2.0900e-02  1.  20. 
   389.000  20.0   2.0800e-02   2.0800e-02  1.  20. 
   390.000  20.0   2.0700e-02   2.0700e-02  1.  20. 
   391.000  20.0   2.0600e-02   2.0600e-02  1.  20. 
   392.000  20.0   2.0500e-02   2.0500e-02  1.  20. 
   393.000  20.0   2.0300e-02   2.0300e-02  1.  20. 
   394.000  20.0   2.0200e-02   2.0200e-02  1.  20. 
   395.000  20.0   2.0100e-02   2.0100e-02  1.  20. 
   396.000  20.0   2.0000e-02   2.0000e-02  1.  20. 
   397.000  20.0   1.9900e-02   1.9900e-02  1.  20. 
   398.000  20.0   1.9800e-02   1.9800e-02  1.  20. 
   399.000  20.0   1.9700e-02   1.9700e-02  1.  20. 
   400.000  20.0   1.9600e-02   1.9600e-02  1.  20. 
   401.000  20.0   1.9500e-02   1.9500e-02  1.  20. 
   402.000  20.0   1.9400e-02   1.9400e-02  1.  20. 
   403.000  20.0   1.9300e-02   1.9300e-02  1.  20. 
   404.000  20.0   1.9200e-02   1.9200e-02  1.  20. 
   405.000  20.0   1.9100e-02   1.9100e-02  1.  20. 
   406.000  20.0   1.9000e-02   1.9000e-02  1.  20. 
   407.000  20.0   1.8900e-02   1.8900e-02  1.  20. 
   408.000  20.0   1.8800e-02   1.8800e-02  1.  20. 
   409.000  20.0   1.8700e-02   1.8700e-02  1.  20. 
   410.000  20.0   1.8600e-02   1.8600e-02  1.  20. 
   411.000  20.0   1.8500e-02   1.8500e-02  1.  20. 
   412.000  20.0   1.8400e-02   1.8400e-02  1.  20. 
   413.000  20.0   1.8400e-02   1.8400e-02  1.  20. 
   414.000  20.0   1.8300e-02   1.8300e-02  1.  20. 
   415.000  20.0   1.8200e-02   1.8200e-02  1.  20. 
   416.000  20.0   1.8100e-02   1.8100e-02  1.  20. 
   417.000  20.0   1.8000e-02   1.8000e-02  1.  20. 
   418.000  20.0   1.7900e-02   1.7900e-02  1.  20. 
   419.000  20.0   1.7800e-02   1.7800e-02  1.  20. 
   420.000  20.0   1.7800e-02   1.7800e-02  1.  20. 
   421.000  20.0   1.7700e-02   1.7700e-02  1.  20. 
   422.000  20.0   1.7600e-02   1.7600e-02  1.  20. 
   423.000  20.0   1.7500e-02   1.7500e-02  1.  20. 
   424.000  20.0   1.7400e-02   1.7400e-02  1.  20. 
   425.000  20.0   1.7400e-02   1.7400e-02  1.  20. 
   426.000  20.0   1.7300e-02   1.7300e-02  1.  20. 
   427.000  20.0   1.7200e-02   1.7200e-02  1.  20. 
   428.000  20.0   1.7100e-02   1.7100e-02  1.  20. 
   429.000  20.0   1.7000e-02   1.7000e-02  1.  20. 
   430.000  20.0   1.7000e-02   1.7000e-02  1.  20. 
   431.000  20.0   1.6900e-02   1.6900e-02  1.  20. 
   432.000  20.0   1.6800e-02   1.6800e-02  1.  20. 
   433.000  20.0   1.6700e-02   1.6700e-02  1.  20. 
   434.000  20.0   1.6700e-02   1.6700e-02  1.  20. 
   435.000  20.0   1.6600e-02   1.6600e-02  1.  20. 
   436.000  20.0   1.6500e-02   1.6500e-02  1.  20. 
   437.000  20.0   1.6500e-02   1.6500e-02  1.  20. 
   438.000  20.0   1.6400e-02   1.6400e-02  1.  20. 
   439.000  20.0   1.6300e-02   1.6300e-02  1.  20. 
   440.000  20.0   1.6300e-02   1.6300e-02  1.  20. 
   441.000  20.0   1.6200e-02   1.6200e-02  1.  20. 
   442.000  20.0   1.6100e-02   1.6100e-02  1.  20. 
   443.000  20.0   1.6000e-02   1.6000e-02  1.  20. 
   444.000  20.0   1.6000e-02   1.6000e-02  1.  20. 
   445.000  20.0   1.5900e-02   1.5900e-02  1.  20. 
   446.000  20.0   1.5800e-02   1.5800e-02  1.  20. 
   447.000  20.0   1.5800e-02   1.5800e-02  1.  20. 
   448.000  20.0   1.5700e-02   1.5700e-02  1.  20. 
   449.000  20.0   1.5600e-02   1.5600e-02  1.  20. 
   450.000  20.0   1.5600e-02   1.5600e-02  1.  20. 
   451.000  20.0   1.5500e-02   1.5500e-02  1.  20. 
   452.000  20.0   1.5500e-02   1.5500e-02  1.  20. 
   453.000  20.0   1.5400e-02   1.5400e-02  1.  20. 
   454.000  20.0   1.5300e-02   1.5300e-02  1.  20. 
   455.000  20.0   1.5300e-02   1.5300e-02  1.  20. 
   456.000  20.0   1.5200e-02   1.5200e-02  1.  20. 
   457.000  20.0   1.5100e-02   1.5100e-02  1.  20. 
   458.000  20.0   1.5100e-02   1.5100e-02  1.  20. 
   459.000  20.0   1.5000e-02   1.5000e-02  1.  20. 
   460.000  20.0   1.5000e-02   1.5000e-02  1.  20. 
   461.000  20.0   1.4900e-02   1.4900e-02  1.  20. 
   462.000  20.0   1.4800e-02   1.4800e-02  1.  20. 
   463.000  20.0   1.4800e-02   1.4800e-02  1.  20. 
   464.000  20.0   1.4700e-02   1.4700e-02  1.  20. 
   465.000  20.0   1.4700e-02   1.4700e-02  1.  20. 
   466.000  20.0   1.4600e-02   1.4600e-02  1.  20. 
   467.000  20.0   1.4500e-02   1.4500e-02  1.  20. 
   468.000  20.0   1.4500e-02   1.4500e-02  1.  20. 
   469.000  20.0   1.4400e-02   1.4400e-02  1.  20. 
   470.000  20.0   1.4400e-02   1.4400e-02  1.  20. 
   471.000  20.0   1.4300e-02   1.4300e-02  1.  20. 
   472.000  20.0   1.4300e-02   1.4300e-02  1.  20. 
   473.000  20.0   1.4200e-02   1.4200e-02  1.  20. 
   474.000  20.0   1.4200e-02   1.4200e-02  1.  20. 
   475.000  20.0   1.4100e-02   1.4100e-02  1.  20. 
   476.000  20.0   1.4000e-02   1.4000e-02  1.  20. 
   477.000  20.0   1.4000e-02   1.4000e-02  1.  20. 
   478.000  20.0   1.3900e-02   1.3900e-02  1.  20. 
   479.000  20.0   1.3900e-02   1.3900e-02  1.  20. 
   480.000  20.0   1.3800e-02   1.3800e-02  1.  20. 
   481.000  20.0   1.3800e-02   1.3800e-02  1.  20. 
   482.000  20.0   1.3700e-02   1.3700e-02  1.  20. 
   483.000  20.0   1.3700e-02   1.3700e-02  1.  20. 
   484.000  20.0   1.3600e-02   1.3600e-02  1.  20. 
   485.000  20.0   1.3600e-02   1.3600e-02  1.  20. 
   486.000  20.0   1.3500e-02   1.3500e-02  1.  20. 
   487.000  20.0   1.3500e-02   1.3500e-02  1.  20. 
   488.000  20.0   1.3400e-02   1.3400e-02  1.  20. 
   489.000  20.0   1.3300e-02   1.3300e-02  1.  20. 
   490.000  20.0   1.3300e-02   1.3300e-02  1.  20. 
   491.000  20.0   1.3200e-02   1.3200e-02  1.  20. 
   492.000  20.0   1.3200e-02   1.3200e-02  1.  20. 
   493.000  20.0   1.3100e-02   1.3100e-02  1.  20. 
   494.000  20.0   1.3100e-02   1.3100e-02  1.  20. 
   495.000  20.0   1.3000e-02   1.3000e-02  1.  20. 
   496.000  20.0   1.3000e-02   1.3000e-02  1.  20. 
   497.000  20.0   1.2900e-02   1.2900e-02  1.  20. 
   498.000  20.0   1.2900e-02   1.2900e-02  1.  20. 
   499.000  20.0   1.2800e-02   1.2800e-02  1.  20. 
   500.000  20.0   1.2800e-02   1.2800e-02  1.  20. 
   501.000  20.0   1.2700e-02   1.2700e-02  1.  20. 
   502.000  20.0   1.2700e-02   1.2700e-02  1.  20. 
   503.000  20.0   1.2600e-02   1.2600e-02  1.  20. 
   504.000  20.0   1.2600e-02   1.2600e-02  1.  20. 
   505.000  20.0   1.2500e-02   1.2500e-02  1.  20. 
   506.000  20.0   1.2500e-02   1.2500e-02  1.  20. 
   507.000  20.0   1.2400e-02   1.2400e-02  1.  20. 
   508.000  20.0   1.2400e-02   1.2400e-02  1.  20. 
   509.000  20.0   1.2300e-02   1.2300e-02  1.  20. 
   510.000  20.0   1.2300e-02   1.2300e-02  1.  20. 
   511.000  20.0   1.2300e-02   1.2300e-02  1.  20. 
   512.000  20.0   1.2200e-02   1.2200e-02  1.  20. 
   513.000  20.0   1.2200e-02   1.2200e-02  1.  20. 
   514.000  20.0   1.2100e-02   1.2100e-02  1.  20. 
   515.000  20.0   1.2100e-02   1.2100e-02  1.  20. 
   516.000  20.0   1.2000e-02   1.2000e-02  1.  20. 
   517.000  20.0   1.2000e-02   1.2000e-02  1.  20. 
   518.000  20.0   1.1900e-02   1.1900e-02  1.  20. 
   519.000  20.0   1.1900e-02   1.1900e-02  1.  20. 
   520.000  20.0   1.1800e-02   1.1800e-02  1.  20. 
   521.000  20.0   1.1800e-02   1.1800e-02  1.  20. 
   522.000  20.0   1.1700e-02   1.1700e-02  1.  20. 
   523.000  20.0   1.1700e-02   1.1700e-02  1.  20. 
   524.000  20.0   1.1600e-02   1.1600e-02  1.  20. 
   525.000  20.0   1.1600e-02   1.1600e-02  1.  20. 
   526.000  20.0   1.1500e-02   1.1500e-02  1.  20. 
   527.000  20.0   1.1500e-02   1.1500e-02  1.  20. 
   528.000  20.0   1.1500e-02   1.1500e-02  1.  20. 
   529.000  20.0   1.1400e-02   1.1400e-02  1.  20. 
   530.000  20.0   1.1400e-02   1.1400e-02  1.  20. 
   531.000  20.0   1.1300e-02   1.1300e-02  1.  20. 
   532.000  20.0   1.1300e-02   1.1300e-02  1.  20. 
   533.000  20.0   1.1200e-02   1.1200e-02  1.  20. 
   534.000  20.0   1.1200e-02   1.1200e-02  1.  20. 
   535.000  20.0   1.1100e-02   1.1100e-02  1.  20. 
   536.000  20.0   1.1100e-02   1.1100e-02  1.  20. 
   537.000  20.0   1.1100e-02   1.1100e-02  1.  20. 
   538.000  20.0   1.1000e-02   1.1000e-02  1.  20. 
   539.000  20.0   1.1000e-02   1.1000e-02  1.  20. 
   540.000  20.0   1.0900e-02   1.0900e-02  1.  20. 
   541.000  20.0   1.0900e-02   1.0900e-02  1.  20. 
   542.000  20.0   1.0800e-02   1.0800e-02  1.  20. 
   543.000  20.0   1.0800e-02   1.0800e-02  1.  20. 
   544.000  20.0   1.0700e-02   1.0700e-02  1.  20. 
   545.000  20.0   1.0700e-02   1.0700e-02  1.  20. 
   546.000  20.0   1.0700e-02   1.0700e-02  1.  20. 
   547.000  20.0   1.0600e-02   1.0600e-02  1.  20. 
   548.000  20.0   1.0600e-02   1.0600e-02  1.  20. 
   549.000  20.0   1.0500e-02   1.0500e-02  1.  20. 
   550.000  20.0   1.0500e-02   1.0500e-02  1.  20. 
   551.000  20.0   1.0400e-02   1.0400e-02  1.  20. 
   552.000  20.0   1.0400e-02   1.0400e-02  1.  20. 
   553.000  20.0   1.0400e-02   1.0400e-02  1.  20. 
   554.000  20.0   1.0300e-02   1.0300e-02  1.  20. 
   555.000  20.0   1.0300e-02   1.0300e-02  1.  20. 
   556.000  20.0   1.0200e-02   1.0200e-02  1.  20. 
   557.000  20.0   1.0200e-02   1.0200e-02  1.  20. 
   558.000  20.0   1.0100e-02   1.0100e-02  1.  20. 
   559.000  20.0   1.0100e-02   1.0100e-02  1.  20. 
   560.000  20.0   1.0100e-02   1.0100e-02  1.  20. 
   561.000  20.0   1.0000e-02   1.0000e-02  1.  20. 
   562.000  20.0   9.9700e-03   9.9700e-03  1.  20. 
   563.000  20.0   9.9300e-03   9.9300e-03  1.  20. 
   564.000  20.0   9.8900e-03   9.8900e-03  1.  20. 
   565.000  20.0   9.8500e-03   9.8500e-03  1.  20. 
   566.000  20.0   9.8000e-03   9.8000e-03  1.  20. 
   567.000  20.0   9.7600e-03   9.7600e-03  1.  20. 
   568.000  20.0   9.7200e-03   9.7200e-03  1.  20. 
   569.000  20.0   9.6800e-03   9.6800e-03  1.  20. 
   570.000  20.0   9.6400e-03   9.6400e-03  1.  20. 
   571.000  20.0   9.6000e-03   9.6000e-03  1.  20. 
   572.000  20.0   9.5600e-03   9.5600e-03  1.  20. 
   573.000  20.0   9.5100e-03   9.5100e-03  1.  20. 
   574.000  20.0   9.4700e-03   9.4700e-03  1.  20. 
   575.000  20.0   9.4300e-03   9.4300e-03  1.  20. 
   576.000  20.0   9.3900e-03   9.3900e-03  1.  20. 
   577.000  20.0   9.3500e-03   9.3500e-03  1.  20. 
   578.000  20.0   9.3100e-03   9.3100e-03  1.  20. 
   579.000  20.0   9.2700e-03   9.2700e-03  1.  20. 
   580.000  20.0   9.2300e-03   9.2300e-03  1.  20. 
   581.000  20.0   9.1900e-03   9.1900e-03  1.  20. 
   582.000  20.0   9.1500e-03   9.1500e-03  1.  20. 
   583.000  20.0   9.1100e-03   9.1100e-03  1.  20. 
   584.000  20.0   9.0700e-03   9.0700e-03  1.  20. 
   585.000  20.0   9.0300e-03   9.0300e-03  1.  20. 
   586.000  20.0   8.9900e-03   8.9900e-03  1.  20. 
   587.000  20.0   8.9500e-03   8.9500e-03  1.  20. 
   588.000  20.0   8.9100e-03   8.9100e-03  1.  20. 
   589.000  20.0   8.8700e-03   8.8700e-03  1.  20. 
   590.000  20.0   8.8300e-03   8.8300e-03  1.  20. 
   591.000  20.0   8.7900e-03   8.7900e-03  1.  20. 
   592.000  20.0   8.7500e-03   8.7500e-03  1.  20. 
   593.000  20.0   8.7100e-03   8.7100e-03  1.  20. 
   594.000  20.0   8.6800e-03   8.6800e-03  1.  20. 
   595.000  20.0   8.6400e-03   8.6400e-03  1.  20. 
   596.000  20.0   8.6000e-03   8.6000e-03  1.  20. 
   597.000  20.0   8.5600e-03   8.5600e-03  1.  20. 
   598.000  20.0   8.5200e-03   8.5200e-03  1.  20. 
   599.000  20.0   8.4800e-03   8.4800e-03  1.  20. 
   600.000  20.0   8.4400e-03   8.4400e-03  1.  20. 
   601.000  20.0   8.4000e-03   8.4000e-03  1.  20. 
   602.000  20.0   8.3700e-03   8.3700e-03  1.  20. 
   603.000  20.0   8.3300e-03   8.3300e-03  1.  20. 
   604.000  20.0   8.2900e-03   8.2900e-03  1.  20. 
   605.000  20.0   8.2500e-03   8.2500e-03  1.  20. 
   606.000  20.0   8.2100e-03   8.2100e-03  1.  20. 
   607.000  20.0   8.1800e-03   8.1800e-03  1.  20. 
   608.000  20.0   8.1400e-03   8.1400e-03  1.  20. 
   609.000  20.0   8.1000e-03   8.1000e-03  1.  20. 
   610.000  20.0   8.0600e-03   8.0600e-03  1.  20. 
   611.000  20.0   8.0200e-03   8.0200e-03  1.  20. 
   612.000  20.0   7.9900e-03   7.9900e-03  1.  20. 
   613.000  20.0   7.9500e-03   7.9500e-03  1.  20. 
   614.000  20.0   7.9100e-03   7.9100e-03  1.  20. 
   615.000  20.0   7.8700e-03   7.8700e-03  1.  20. 
   616.000  20.0   7.8400e-03   7.8400e-03  1.  20. 
   617.000  20.0   7.8000e-03   7.8000e-03  1.  20. 
   618.000  20.0   7.7600e-03   7.7600e-03  1.  20. 
   619.000  20.0   7.7300e-03   7.7300e-03  1.  20. 
   620.000  20.0   7.6900e-03   7.6900e-03  1.  20. 
   621.000  20.0   7.6500e-03   7.6500e-03  1.  20. 
   622.000  20.0   7.6200e-03   7.6200e-03  1.  20. 
   623.000  20.0   7.5800e-03   7.5800e-03  1.  20. 
   624.000  20.0   7.5400e-03   7.5400e-03  1.  20. 
   625.000  20.0   7.5100e-03   7.5100e-03  1.  20. 
   626.000  20.0   7.4700e-03   7.4700e-03  1.  20. 
   627.000  20.0   7.4400e-03   7.4400e-03  1.  20. 
   628.000  20.0   7.4000e-03   7.4000e-03  1.  20. 
   629.000  20.0   7.3600e-03   7.3600e-03  1.  20. 
   630.000  20.0   7.3300e-03   7.3300e-03  1.  20. 
   631.000  20.0   7.2900e-03   7.2900e-03  1.  20. 
   632.000  20.0   7.2600e-03   7.2600e-03  1.  20. 
   633.000  20.0   7.2200e-03   7.2200e-03  1.  20. 
   634.000  20.0   7.1800e-03   7.1800e-03  1.  20. 
   635.000  20.0   7.1500e-03   7.1500e-03  1.  20. 
   636.000  20.0   7.1100e-03   7.1100e-03  1.  20. 
   637.000  20.0   7.0800e-03   7.0800e-03  1.  20. 
   638.000  20.0   7.0400e-03   7.0400e-03  1.  20. 
   639.000  20.0   7.0100e-03   7.0100e-03  1.  20. 
   640.000  20.0   6.9700e-03   6.9700e-03  1.  20. 
   641.000  20.0   6.9400e-03   6.9400e-03  1.  20. 
   642.000  20.0   6.9000e-03   6.9000e-03  1.  20. 
   643.000  20.0   6.8700e-03   6.8700e-03  1.  20. 
   644.000  20.0   6.8400e-03   6.8400e-03  1.  20. 
   645.000  20.0   6.8000e-03   6.8000e-03  1.  20. 
   646.000  20.0   6.7700e-03   6.7700e-03  1.  20. 
   647.000  20.0   6.7300e-03   6.7300e-03  1.  20. 
   648.000  20.0   6.7000e-03   6.7000e-03  1.  20. 
   649.000  20.0   6.6600e-03   6.6600e-03  1.  20. 
   650.000  20.0   6.6300e-03   6.6300e-03  1.  20. 
   651.000  20.0   6.6000e-03   6.6000e-03  1.  20. 
   652.000  20.0   6.5600e-03   6.5600e-03  1.  20. 
   653.000  20.0   6.5300e-03   6.5300e-03  1.  20. 
   654.000  20.0   6.4900e-03   6.4900e-03  1.  20. 
   655.000  20.0   6.4600e-03   6.4600e-03  1.  20. 
   656.000  20.0   6.4300e-03   6.4300e-03  1.  20. 
   657.000  20.0   6.3900e-03   6.3900e-03  1.  20. 
   658.000  20.0   6.3600e-03   6.3600e-03  1.  20. 
   659.000  20.0   6.3300e-03   6.3300e-03  1.  20. 
   660.000  20.0   6.2900e-03   6.2900e-03  1.  20. 
   661.000  20.0   6.2600e-03   6.2600e-03  1.  20. 
   662.000  20.0   6.2300e-03   6.2300e-03  1.  20. 
   663.000  20.0   6.2000e-03   6.2000e-03  1.  20. 
   664.000  20.0   6.1600e-03   6.1600e-03  1.  20. 
   665.000  20.0   6.1300e-03   6.1300e-03  1.  20. 
   666.000  20.0   6.1000e-03   6.1000e-03  1.  20. 
   667.000  20.0   6.0700e-03   6.0700e-03  1.  20. 
   668.000  20.0   6.0300e-03   6.0300e-03  1.  20. 
   669.000  20.0   6.0000e-03   6.0000e-03  1.  20. 
   670.000  20.0   5.9700e-03   5.9700e-03  1.  20. 
   671.000  20.0   5.9400e-03   5.9400e-03  1.  20. 
   672.000  20.0   5.9100e-03   5.9100e-03  1.  20. 
   673.000  20.0   5.8700e-03   5.8700e-03  1.  20. 
   674.000  20.0   5.8400e-03   5.8400e-03  1.  20. 
   675.000  20.0   5.8100e-03   5.8100e-03  1.  20. 
   676.000  20.0   5.7800e-03   5.7800e-03  1.  20. 
   677.000  20.0   5.7500e-03   5.7500e-03  1.  20. 
   678.000  20.0   5.7200e-03   5.7200e-03  1.  20. 
   679.000  20.0   5.6900e-03   5.6900e-03  1.  20. 
   680.000  20.0   5.6500e-03   5.6500e-03  1.  20. 
   681.000  20.0   5.6200e-03   5.6200e-03  1.  20. 
   682.000  20.0   5.5900e-03   5.5900e-03  1.  20. 
   683.000  20.0   5.5600e-03   5.5600e-03  1.  20. 
   684.000  20.0   5.5300e-03   5.5300e-03  1.  20. 
   685.000  20.0   5.5000e-03   5.5000e-03  1.  20. 
   686.000  20.0   5.4700e-03   5.4700e-03  1.  20. 
   687.000  20.0   5.4400e-03   5.4400e-03  1.  20. 
   688.000  20.0   5.4100e-03   5.4100e-03  1.  20. 
   689.000  20.0   5.3800e-03   5.3800e-03  1.  20. 
   690.000  20.0   5.3500e-03   5.3500e-03  1.  20. 
   691.000  20.0   5.3200e-03   5.3200e-03  1.  20. 
   692.000  20.0   5.2900e-03   5.2900e-03  1.  20. 
   693.000  20.0   5.2600e-03   5.2600e-03  1.  20. 
   694.000  20.0   5.2300e-03   5.2300e-03  1.  20. 
   695.000  20.0   5.2000e-03   5.2000e-03  1.  20. 
   696.000  20.0   5.1700e-03   5.1700e-03  1.  20. 
   697.000  20.0   5.1400e-03   5.1400e-03  1.  20. 
   698.000  20.0   5.1100e-03   5.1100e-03  1.  20. 
   699.000  20.0   5.0800e-03   5.0800e-03  1.  20. 
   700.000  20.0   5.0500e-03   5.0500e-03  1.  20. 
   701.000  20.0   5.0200e-03   5.0200e-03  1.  20. 
   702.000  20.0   4.9900e-03   4.9900e-03  1.  20. 
   703.000  20.0   4.9700e-03   4.9700e-03  1.  20. 
   704.000  20.0   4.9400e-03   4.9400e-03  1.  20. 
   705.000  20.0   4.9100e-03   4.9100e-03  1.  20. 
   706.000  20.0   4.8800e-03   4.8800e-03  1.  20. 
   707.000  20.0   4.8500e-03   4.8500e-03  1.  20. 
   708.000  20.0   4.8200e-03   4.8200e-03  1.  20. 
   709.000  20.0   4.8000e-03   4.8000e-03  1.  20. 
   710.000  20.0   4.7700e-03   4.7700e-03  1.  20. 
   711.000  20.0   4.7400e-03   4.7400e-03  1.  20. 
   712.000  20.0   4.7100e-03   4.7100e-03  1.  20. 
   713.000  20.0   4.6800e-03   4.6800e-03  1.  20. 
   714.000  20.0   4.6600e-03   4.6600e-03  1.  20. 
   715.000  20.0   4.6300e-03   4.6300e-03  1.  20. 
   716.000  20.0   4.6000e-03   4.6000e-03  1.  20. 
   717.000  20.0   4.5700e-03   4.5700e-03  1.  20. 
   718.000  20.0   4.5500e-03   4.5500e-03  1.  20. 
   719.000  20.0   4.5200e-03   4.5200e-03  1.  20. 
   720.000  20.0   4.4900e-03   4.4900e-03  1.  20. 
   721.000  20.0   4.4600e-03   4.4600e-03  1.  20. 
   722.000  20.0   4.4400e-03   4.4400e-03  1.  20. 
   723.000  20.0   4.4100e-03   4.4100e-03  1.  20. 
   724.000  20.0   4.3800e-03   4.3800e-03  1.  20. 
   725.000  20.0   4.3600e-03   4.3600e-03  1.  20. 
   726.000  20.0   4.3300e-03   4.3300e-03  1.  20. 
   727.000  20.0   4.3000e-03   4.3000e-03  1.  20. 
   728.000  20.0   4.2800e-03   4.2800e-03  1.  20. 
   729.000  20.0   4.2500e-03   4.2500e-03  1.  20. 
   730.000  20.0   4.2300e-03   4.2300e-03  1.  20. 
   731.000  20.0   4.2000e-03   4.2000e-03  1.  20. 
   732.000  20.0   4.1700e-03   4.1700e-03  1.  20. 
   733.000  20.0   4.1500e-03   4.1500e-03  1.  20. 
   734.000  20.0   4.1200e-03   4.1200e-03  1.  20. 
   735.000  20.0   4.1000e-03   4.1000e-03  1.  20. 
   736.000  20.0   4.0700e-03   4.0700e-03  1.  20. 
   737.000  20.0   4.0500e-03   4.0500e-03  1.  20. 
   738.000  20.0   4.0200e-03   4.0200e-03  1.  20. 
   739.000  20.0   4.0000e-03   4.0000e-03  1.  20. 
   740.000  20.0   3.9700e-03   3.9700e-03  1.  20. 
   741.000  20.0   3.9500e-03   3.9500e-03  1.  20. 
   742.000  20.0   3.9200e-03   3.9200e-03  1.  20. 
   743.000  20.0   3.9000e-03   3.9000e-03  1.  20. 
   744.000  20.0   3.8700e-03   3.8700e-03  1.  20. 
   745.000  20.0   3.8500e-03   3.8500e-03  1.  20. 
   746.000  20.0   3.8200e-03   3.8200e-03  1.  20. 
   747.000  20.0   3.8000e-03   3.8000e-03  1.  20. 
   748.000  20.0   3.7700e-03   3.7700e-03  1.  20. 
   749.000  20.0   3.7500e-03   3.7500e-03  1.  20. 
   750.000  20.0   3.7200e-03   3.7200e-03  1.  20. 
   751.000  20.0   3.7000e-03   3.7000e-03  1.  20. 
   752.000  20.0   3.6800e-03   3.6800e-03  1.  20. 
   753.000  20.0   3.6500e-03   3.6500e-03  1.  20. 
   754.000  20.0   3.6300e-03   3.6300e-03  1.  20. 
   755.000  20.0   3.6100e-03   3.6100e-03  1.  20. 
   756.000  20.0   3.5800e-03   3.5800e-03  1.  20. 
   757.000  20.0   3.5600e-03   3.5600e-03  1.  20. 
   758.000  20.0   3.5400e-03   3.5400e-03  1.  20. 
   759.000  20.0   3.5100e-03   3.5100e-03  1.  20. 
   760.000  20.0   3.4900e-03   3.4900e-03  1.  20. 
   761.000  20.0   3.4700e-03   3.4700e-03  1.  20. 
   762.000  20.0   3.4400e-03   3.4400e-03  1.  20. 
   763.000  20.0   3.4200e-03   3.4200e-03  1.  20. 
   764.000  20.0   3.4000e-03   3.4000e-03  1.  20. 
   765.000  20.0   3.3800e-03   3.3800e-03  1.  20. 
   766.000  20.0   3.3500e-03   3.3500e-03  1.  20. 
   767.000  20.0   3.3300e-03   3.3300e-03  1.  20. 
   768.000  20.0   3.3100e-03   3.3100e-03  1.  20. 
   769.000  20.0   3.2900e-03   3.2900e-03  1.  20. 
   770.000  20.0   3.2600e-03   3.2600e-03  1.  20. 
   771.000  20.0   3.2400e-03   3.2400e-03  1.  20. 
   772.000  20.0   3.2200e-03   3.2200e-03  1.  20. 
   773.000  20.0   3.2000e-03   3.2000e-03  1.  20. 
   774.000  20.0   3.1800e-03   3.1800e-03  1.  20. 
   775.000  20.0   3.1500e-03   3.1500e-03  1.  20. 
   776.000  20.0   3.1300e-03   3.1300e-03  1.  20. 
   777.000  20.0   3.1100e-03   3.1100e-03  1.  20. 
   778.000  20.0   3.0900e-03   3.0900e-03  1.  20. 
   779.000  20.0   3.0700e-03   3.0700e-03  1.  20. 
   780.000  20.0   3.0500e-03   3.0500e-03  1.  20. 
   781.000  20.0   3.0300e-03   3.0300e-03  1.  20. 
   782.000  20.0   3.0100e-03   3.0100e-03  1.  20. 
   783.000  20.0   2.9900e-03   2.9900e-03  1.  20. 
   784.000  20.0   2.9600e-03   2.9600e-03  1.  20. 
   785.000  20.0   2.9400e-03   2.9400e-03  1.  20. 
   786.000  20.0   2.9200e-03   2.9200e-03  1.  20. 
   787.000  20.0   2.9000e-03   2.9000e-03  1.  20. 
   788.000  20.0   2.8800e-03   2.8800e-03  1.  20. 
   789.000  20.0   2.8600e-03   2.8600e-03  1.  20. 
   790.000  20.0   2.8400e-03   2.8400e-03  1.  20. 
   791.000  20.0   2.8200e-03   2.8200e-03  1.  20. 
   792.000  20.0   2.8000e-03   2.8000e-03  1.  20. 
   793.000  20.0   2.7800e-03   2.7800e-03  1.  20. 
   794.000  20.0   2.7600e-03   2.7600e-03  1.  20. 
   795.000  20.0   2.7400e-03   2.7400e-03  1.  20. 
   796.000  20.0   2.7200e-03   2.7200e-03  1.  20. 
   797.000  20.0   2.7000e-03   2.7000e-03  1.  20. 
   798.000  20.0   2.6800e-03   2.6800e-03  1.  20. 
   799.000  20.0   2.6600e-03   2.6600e-03  1.  20. 
   800.000  20.0   2.6500e-03   2.6500e-03  1.  20. 
   801.000  20.0   2.6300e-03   2.6300e-03  1.  20. 
   802.000  20.0   2.6100e-03   2.6100e-03  1.  20. 
   803.000  20.0   2.5900e-03   2.5900e-03  1.  20. 
   804.000  20.0   2.5700e-03   2.5700e-03  1.  20. 
   805.000  20.0   2.5500e-03   2.5500e-03  1.  20. 
   806.000  20.0   2.5300e-03   2.5300e-03  1.  20. 
   807.000  20.0   2.5100e-03   2.5100e-03  1.  20. 
   808.000  20.0   2.5000e-03   2.5000e-03  1.  20. 
   809.000  20.0   2.4800e-03   2.4800e-03  1.  20. 
   810.000  20.0   2.4600e-03   2.4600e-03  1.  20. 
   811.000  20.0   2.4400e-03   2.4400e-03  1.  20. 
   812.000  20.0   2.4200e-03   2.4200e-03  1.  20. 
   813.000  20.0   2.4000e-03   2.4000e-03  1.  20. 
   814.000  20.0   2.3900e-03   2.3900e-03  1.  20. 
   815.000  20.0   2.3700e-03   2.3700e-03  1.  20. 
   816.000  20.0   2.3500e-03   2.3500e-03  1.  20. 
   817.000  20.0   2.3300e-03   2.3300e-03  1.  20. 
   818.000  20.0   2.3200e-03   2.3200e-03  1.  20. 
   819.000  20.0   2.3000e-03   2.3000e-03  1.  20. 
   820.000  20.0   2.2800e-03   2.2800e-03  1.  20. 
   821.000  20.0   2.2600e-03   2.2600e-03  1.  20. 
   822.000  20.0   2.2500e-03   2.2500e-03  1.  20. 
   823.000  20.0   2.2300e-03   2.2300e-03  1.  20. 
   824.000  20.0   2.2100e-03   2.2100e-03  1.  20. 
   825.000  20.0   2.2000e-03   2.2000e-03  1.  20. 
   826.000  20.0   2.1800e-03   2.1800e-03  1.  20. 
   827.000  20.0   2.1600e-03   2.1600e-03  1.  20. 
   828.000  20.0   2.1500e-03   2.1500e-03  1.  20. 
   829.000  20.0   2.1300e-03   2.1300e-03  1.  20. 
   830.000  20.0   2.1100e-03   2.1100e-03  1.  20. 
   831.000  20.0   2.1000e-03   2.1000e-03  1.  20. 
   832.000  20.0   2.0800e-03   2.0800e-03  1.  20. 
   833.000  20.0   2.0600e-03   2.0600e-03  1.  20. 
   834.000  20.0   2.0500e-03   2.0500e-03  1.  20. 
   835.000  20.0   2.0300e-03   2.0300e-03  1.  20. 
   836.000  20.0   2.0200e-03   2.0200e-03  1.  20. 
   837.000  20.0   2.0000e-03   2.0000e-03  1.  20. 
   838.000  20.0   1.9800e-03   1.9800e-03  1.  20. 
   839.000  20.0   1.9700e-03   1.9700e-03  1.  20. 
   840.000  20.0   1.9500e-03   1.9500e-03  1.  20. 
   841.000  20.0   1.9400e-03   1.9400e-03  1.  20. 
   842.000  20.0   1.9200e-03   1.9200e-03  1.  20. 
   843.000  20.0   1.9100e-03   1.9100e-03  1.  20. 
   844.000  20.0   1.8900e-03   1.8900e-03  1.  20. 
   845.000  20.0   1.8800e-03   1.8800e-03  1.  20. 
   846.000  20.0   1.8600e-03   1.8600e-03  1.  20. 
   847.000  20.0   1.8500e-03   1.8500e-03  1.  20. 
   848.000  20.0   1.8300e-03   1.8300e-03  1.  20. 
   849.000  20.0   1.8200e-03   1.8200e-03  1.  20. 
   850.000  20.0   1.8000e-03   1.8000e-03  1.  20. 
   851.000  20.0   1.7900e-03   1.7900e-03  1.  20. 
   852.000  20.0   1.7700e-03   1.7700e-03  1.  20. 
   853.000  20.0   1.7600e-03   1.7600e-03  1.  20. 
   854.000  20.0   1.7400e-03   1.7400e-03  1.  20. 
   855.000  20.0   1.7300e-03   1.7300e-03  1.  20. 
   856.000  20.0   1.7200e-03   1.7200e-03  1.  20. 
   857.000  20.0   1.7000e-03   1.7000e-03  1.  20. 
   858.000  20.0   1.6900e-03   1.6900e-03  1.  20. 
   859.000  20.0   1.6700e-03   1.6700e-03  1.  20. 
   860.000  20.0   1.6600e-03   1.6600e-03  1.  20. 
   861.000  20.0   1.6500e-03   1.6500e-03  1.  20. 
   862.000  20.0   1.6300e-03   1.6300e-03  1.  20. 
   863.000  20.0   1.6200e-03   1.6200e-03  1.  20. 
   864.000  20.0   1.6100e-03   1.6100e-03  1.  20. 
   865.000  20.0   1.5900e-03   1.5900e-03  1.  20. 
   866.000  20.0   1.5800e-03   1.5800e-03  1.  20. 
   867.000  20.0   1.5700e-03   1.5700e-03  1.  20. 
   868.000  20.0   1.5500e-03   1.5500e-03  1.  20. 
   869.000  20.0   1.5400e-03   1.5400e-03  1.  20. 
   870.000  20.0   1.5300e-03   1.5300e-03  1.  20. 
   871.000  20.0   1.5100e-03   1.5100e-03  1.  20. 
   872.000  20.0   1.5000e-03   1.5000e-03  1.  20. 
   873.000  20.0   1.4900e-03   1.4900e-03  1.  20. 
   874.000  20.0   1.4800e-03   1.4800e-03  1.  20. 
   875.000  20.0   1.4600e-03   1.4600e-03  1.  20. 
   876.000  20.0   1.4500e-03   1.4500e-03  1.  20. 
   877.000  20.0   1.4400e-03   1.4400e-03  1.  20. 
   878.000  20.0   1.4200e-03   1.4200e-03  1.  20. 
   879.000  20.0   1.4100e-03   1.4100e-03  1.  20. 
   880.000  20.0   1.4000e-03   1.4000e-03  1.  20. 
   881.000  20.0   1.3900e-03   1.3900e-03  1.  20. 
   882.000  20.0   1.3800e-03   1.3800e-03  1.  20. 
   883.000  20.0   1.3600e-03   1.3600e-03  1.  20. 
   884.000  20.0   1.3500e-03   1.3500e-03  1.  20. 
   885.000  20.0   1.3400e-03   1.3400e-03  1.  20. 
   886.000  20.0   1.3300e-03   1.3300e-03  1.  20. 
   887.000  20.0   1.3200e-03   1.3200e-03  1.  20. 
   888.000  20.0   1.3100e-03   1.3100e-03  1.  20. 
   889.000  20.0   1.2900e-03   1.2900e-03  1.  20. 
   890.000  20.0   1.2800e-03   1.2800e-03  1.  20. 
   891.000  20.0   1.2700e-03   1.2700e-03  1.  20. 
   892.000  20.0   1.2600e-03   1.2600e-03  1.  20. 
   893.000  20.0   1.2500e-03   1.2500e-03  1.  20. 
   894.000  20.0   1.2400e-03   1.2400e-03  1.  20. 
   895.000  20.0   1.2300e-03   1.2300e-03  1.  20. 
   896.000  20.0   1.2100e-03   1.2100e-03  1.  20. 
   897.000  20.0   1.2000e-03   1.2000e-03  1.  20. 
   898.000  20.0   1.1900e-03   1.1900e-03  1.  20. 
   899.000  20.0   1.1800e-03   1.1800e-03  1.  20. 
   900.000  20.0   1.1700e-03   1.1700e-03  1.  20. 
   901.000  20.0   1.1600e-03   1.1600e-03  1.  20. 
   902.000  20.0   1.1500e-03   1.1500e-03  1.  20. 
   903.000  20.0   1.1400e-03   1.1400e-03  1.  20. 
   904.000  20.0   1.1300e-03   1.1300e-03  1.  20. 
   905.000  20.0   1.1200e-03   1.1200e-03  1.  20. 
   906.000  20.0   1.1100e-03   1.1100e-03  1.  20. 
   907.000  20.0   1.1000e-03   1.1000e-03  1.  20. 
   908.000  20.0   1.0900e-03   1.0900e-03  1.  20. 
   909.000  20.0   1.0800e-03   1.0800e-03  1.  20. 
   910.000  20.0   1.0700e-03   1.0700e-03  1.  20. 
   911.000  20.0   1.0600e-03   1.0600e-03  1.  20. 
   912.000  20.0   1.0500e-03   1.0500e-03  1.  20. 
   913.000  20.0   1.0400e-03   1.0400e-03  1.  20. 
   914.000  20.0   1.0300e-03   1.0300e-03  1.  20. 
   915.000  20.0   1.0200e-03   1.0200e-03  1.  20. 
   916.000  20.0   1.0100e-03   1.0100e-03  1.  20. 
   917.000  20.0   9.9900e-04   9.9900e-04  1.  20. 
   918.000  20.0   9.9000e-04   9.9000e-04  1.  20. 
   919.000  20.0   9.8000e-04   9.8000e-04  1.  20. 
   920.000  20.0   9.7100e-04   9.7100e-04  1.  20. 
   921.000  20.0   9.6200e-04   9.6200e-04  1.  20. 
   922.000  20.0   9.5200e-04   9.5200e-04  1.  20. 
   923.000  20.0   9.4300e-04   9.4300e-04  1.  20. 
   924.000  20.0   9.3400e-04   9.3400e-04  1.  20. 
   925.000  20.0   9.2500e-04   9.2500e-04  1.  20. 
   926.000  20.0   9.1600e-04   9.1600e-04  1.  20. 
   927.000  20.0   9.0700e-04   9.0700e-04  1.  20. 
   928.000  20.0   8.9800e-04   8.9800e-04  1.  20. 
   929.000  20.0   8.9000e-04   8.9000e-04  1.  20. 
   930.000  20.0   8.8100e-04   8.8100e-04  1.  20. 
   931.000  20.0   8.7200e-04   8.7200e-04  1.  20. 
   932.000  20.0   8.6400e-04   8.6400e-04  1.  20. 
   933.000  20.0   8.5500e-04   8.5500e-04  1.  20. 
   934.000  20.0   8.4700e-04   8.4700e-04  1.  20. 
   935.000  20.0   8.3800e-04   8.3800e-04  1.  20. 
   936.000  20.0   8.3000e-04   8.3000e-04  1.  20. 
   937.000  20.0   8.2200e-04   8.2200e-04  1.  20. 
   938.000  20.0   8.1300e-04   8.1300e-04  1.  20. 
   939.000  20.0   8.0500e-04   8.0500e-04  1.  20. 
   940.000  20.0   7.9700e-04   7.9700e-04  1.  20. 
   941.000  20.0   7.8900e-04   7.8900e-04  1.  20. 
   942.000  20.0   7.8100e-04   7.8100e-04  1.  20. 
   943.000  20.0   7.7300e-04   7.7300e-04  1.  20. 
   944.000  20.0   7.6500e-04   7.6500e-04  1.  20. 
   945.000  20.0   7.5800e-04   7.5800e-04  1.  20. 
   946.000  20.0   7.5000e-04   7.5000e-04  1.  20. 
   947.000  20.0   7.4200e-04   7.4200e-04  1.  20. 
   948.000  20.0   7.3500e-04   7.3500e-04  1.  20. 
   949.000  20.0   7.2700e-04   7.2700e-04  1.  20. 
   950.000  20.0   7.2000e-04   7.2000e-04  1.  20. 
   951.000  20.0   7.1200e-04   7.1200e-04  1.  20. 
   952.000  20.0   7.0500e-04   7.0500e-04  1.  20. 
   953.000  20.0   6.9700e-04   6.9700e-04  1.  20. 
   954.000  20.0   6.9000e-04   6.9000e-04  1.  20. 
   955.000  20.0   6.8300e-04   6.8300e-04  1.  20. 
   956.000  20.0   6.7600e-04   6.7600e-04  1.  20. 
   957.000  20.0   6.6900e-04   6.6900e-04  1.  20. 
   958.000  20.0   6.6200e-04   6.6200e-04  1.  20. 
   959.000  20.0   6.5500e-04   6.5500e-04  1.  20. 
   960.000  20.0   6.4800e-04   6.4800e-04  1.  20. 
   961.000  20.0   6.4100e-04   6.4100e-04  1.  20. 
   962.000  20.0   6.3400e-04   6.3400e-04  1.  20. 
   963.000  20.0   6.2700e-04   6.2700e-04  1.  20. 
   964.000  20.0   6.2100e-04   6.2100e-04  1.  20. 
   965.000  20.0   6.1400e-04   6.1400e-04  1.  20. 
   966.000  20.0   6.0700e-04   6.0700e-04  1.  20. 
   967.000  20.0   6.0100e-04   6.0100e-04  1.  20. 
   968.000  20.0   5.9400e-04   5.9400e-04  1.  20. 
   969.000  20.0   5.8800e-04   5.8800e-04  1.  20. 
   970.000  20.0   5.8200e-04   5.8200e-04  1.  20. 
   971.000  20.0   5.7500e-04   5.7500e-04  1.  20. 
   972.000  20.0   5.6900e-04   5.6900e-04  1.  20. 
   973.000  20.0   5.6300e-04   5.6300e-04  1.  20. 
   974.000  20.0   5.5700e-04   5.5700e-04  1.  20. 
   975.000  20.0   5.5000e-04   5.5000e-04  1.  20. 
   976.000  20.0   5.4400e-04   5.4400e-04  1.  20. 
   977.000  20.0   5.3800e-04   5.3800e-04  1.  20. 
   978.000  20.0   5.3200e-04   5.3200e-04  1.  20. 
   979.000  20.0   5.2600e-04   5.2600e-04  1.  20. 
   980.000  20.0   5.2100e-04   5.2100e-04  1.  20. 
   981.000  20.0   5.1500e-04   5.1500e-04  1.  20. 
   982.000  20.0   5.0900e-04   5.0900e-04  1.  20. 
   983.000  20.0   5.0300e-04   5.0300e-04  1.  20. 
   984.000  20.0   4.9800e-04   4.9800e-04  1.  20. 
   985.000  20.0   4.9200e-04   4.9200e-04  1.  20. 
   986.000  20.0   4.8600e-04   4.8600e-04  1.  20. 
   987.000  20.0   4.8100e-04   4.8100e-04  1.  20. 
   988.000  20.0   4.7500e-04   4.7500e-04  1.  20. 
   989.000  20.0   4.7000e-04   4.7000e-04  1.  20. 
   990.000  20.0   4.6500e-04   4.6500e-04  1.  20. 
   991.000  20.0   4.5900e-04   4.5900e-04  1.  20. 
   992.000  20.0   4.5400e-04   4.5400e-04  1.  20. 
   993.000  20.0   4.4900e-04   4.4900e-04  1.  20. 
   994.000  20.0   4.4300e-04   4.4300e-04  1.  20. 
   995.000  20.0   4.3800e-04   4.3800e-04  1.  20. 
   996.000  20.0   4.3300e-04   4.3300e-04  1.  20. 
   997.000  20.0   4.2800e-04   4.2800e-04  1.  20. 
   998.000  20.0   4.2300e-04   4.2300e-04  1.  20. 
   999.000  20.0   4.1800e-04   4.1800e-04  1.  20. 
  1000.000  20.0   4.1300e-04   4.1300e-04  1.  20. 
