   1    1   0.48735E-06  0.18610E-07  0.59437E-09  0.00000E+00
   1    2   0.80965E-06  0.12346E-06  0.15748E-07  0.00000E+00
   1    3   0.57434E-06  0.21953E-06  0.70204E-07  0.00000E+00
   1    4   0.40840E-06  0.29803E-06  0.18202E-06  0.00000E+00
   1    5   0.29810E-06  0.35734E-06  0.35868E-06  0.00000E+00
   1    6   0.22080E-06  0.39622E-06  0.59574E-06  0.00000E+00
   1    7   0.16427E-06  0.41464E-06  0.87771E-06  0.00000E+00
   1    8   0.12183E-06  0.41391E-06  0.11807E-05  0.00000E+00
   1    9   0.89581E-07  0.39657E-06  0.14764E-05  0.00000E+00
   1   10   0.65011E-07  0.36604E-06  0.17367E-05  0.00000E+00
   1   11   0.46392E-07  0.32617E-06  0.19378E-05  0.00000E+00
   1   12   0.32433E-07  0.28087E-06  0.20630E-05  0.00000E+00
   1   13   0.22132E-07  0.23377E-06  0.21048E-05  0.00000E+00
   1   14   0.14677E-07  0.18791E-06  0.20648E-05  0.00000E+00
   1   15   0.94080E-08  0.14559E-06  0.19521E-05  0.00000E+00
   1   16   0.57879E-08  0.10838E-06  0.17824E-05  0.00000E+00
   1   17   0.33832E-08  0.77079E-07  0.15735E-05  0.00000E+00
   1   18   0.18499E-08  0.51876E-07  0.13445E-05  0.00000E+00
   1   19   0.92243E-09  0.32472E-07  0.11124E-05  0.00000E+00
   1   20   0.39989E-09  0.18235E-07  0.89143E-06  0.00000E+00
   1   21   0.13578E-09  0.83499E-08  0.69168E-06  0.00000E+00
   1   22   0.26706E-10  0.19435E-08  0.51932E-06  0.00000E+00
   1   23   0.27538E-11 -0.18272E-08  0.37686E-06  0.00000E+00
   1   24   0.18984E-10 -0.37126E-08  0.26380E-06  0.00000E+00
   1   25   0.48418E-10 -0.43368E-08  0.17761E-06  0.00000E+00
   1   26   0.76388E-10 -0.41887E-08  0.11454E-06  0.00000E+00
   1   27   0.96230E-10 -0.36278E-08  0.70303E-07  0.00000E+00
   1   28   0.10614E-09 -0.29020E-08  0.40675E-07  0.00000E+00
   1   29   0.10694E-09 -0.21682E-08  0.21847E-07  0.00000E+00
   1   30   0.10068E-09 -0.15146E-08  0.10619E-07  0.00000E+00
   1   31   0.89701E-10 -0.98126E-09  0.44581E-08  0.00000E+00
   1   32   0.76172E-10 -0.57630E-09  0.14774E-08  0.00000E+00
   1   33   0.61853E-10 -0.28957E-09  0.34391E-09  0.00000E+00
   1   34   0.48027E-10 -0.10180E-09  0.17205E-09  0.00000E+00
   1   35   0.35542E-10  0.90212E-11  0.41246E-09  0.00000E+00
   1   36   0.24874E-10  0.63957E-10  0.75344E-09  0.00000E+00
   1   37   0.16218E-10  0.81062E-10  0.10405E-08  0.00000E+00
   1   38   0.95781E-11  0.74700E-10  0.12158E-08  0.00000E+00
   1   39   0.48348E-11  0.55543E-10  0.12747E-08  0.00000E+00
   1   40   0.18060E-11  0.31045E-10  0.12384E-08  0.00000E+00
   1   41   0.29012E-12  0.60174E-11  0.11359E-08  0.00000E+00
   1   42   0.97925E-13 -0.16703E-10  0.99552E-09  0.00000E+00
   1   43   0.10739E-11 -0.35708E-10  0.84026E-09  0.00000E+00
   1   44   0.31117E-11 -0.50540E-10  0.68675E-09  0.00000E+00
   1   45   0.61658E-11 -0.61313E-10  0.54531E-09  0.00000E+00
   1   46   0.10261E-10 -0.68478E-10  0.42184E-09  0.00000E+00
   1   47   0.15507E-10 -0.72614E-10  0.31829E-09  0.00000E+00
   1   48   0.22110E-10 -0.74324E-10  0.23442E-09  0.00000E+00
   1   49   0.30399E-10 -0.74167E-10  0.16851E-09  0.00000E+00
   1   50   0.40858E-10 -0.72631E-10  0.11813E-09  0.00000E+00
   1   51   0.54172E-10 -0.70104E-10  0.80628E-10  0.00000E+00
   1   52   0.71296E-10 -0.66897E-10  0.53459E-10  0.00000E+00
   1   53   0.93555E-10 -0.63237E-10  0.34307E-10  0.00000E+00
   1   54   0.12278E-09 -0.59294E-10  0.21206E-10  0.00000E+00
   1   55   0.16150E-09 -0.55191E-10  0.12546E-10  0.00000E+00
   1   56   0.21323E-09 -0.51013E-10  0.70440E-11  0.00000E+00
   1   57   0.28285E-09 -0.46838E-10  0.37203E-11  0.00000E+00
   1   58   0.37721E-09 -0.42733E-10  0.18406E-11  0.00000E+00
   1   59   0.50578E-09 -0.38768E-10  0.87434E-12  0.00000E+00
   1   60   0.68196E-09 -0.35031E-10  0.45063E-12  0.00000E+00
   1   61   0.92471E-09 -0.31632E-10  0.32040E-12  0.00000E+00
   1   62   0.12607E-08 -0.28696E-10  0.32526E-12  0.00000E+00
   1   63   0.17280E-08 -0.26356E-10  0.37207E-12  0.00000E+00
   1   64   0.23805E-08 -0.24718E-10  0.41285E-12  0.00000E+00
   1   65   0.32956E-08 -0.23817E-10  0.42952E-12  0.00000E+00
   1   66   0.45841E-08 -0.23481E-10  0.42197E-12  0.00000E+00
   1   67   0.64053E-08 -0.23166E-10  0.39967E-12  0.00000E+00
   1   68   0.89899E-08 -0.21583E-10  0.37655E-12  0.00000E+00
   1   69   0.12672E-07 -0.16177E-10  0.36933E-12  0.00000E+00
   1   70   0.17937E-07 -0.21619E-11  0.40217E-12  0.00000E+00
   1   71   0.25494E-07  0.28907E-10  0.51974E-12  0.00000E+00
   1   72   0.36383E-07  0.91485E-10  0.81620E-12  0.00000E+00
   1   73   0.52129E-07  0.20969E-09  0.14891E-11  0.00000E+00
   1   74   0.74982E-07  0.42282E-09  0.29321E-11  0.00000E+00
   1   75   0.10829E-06  0.79404E-09  0.58882E-11  0.00000E+00
   1   76   0.15700E-06  0.14231E-08  0.11689E-10  0.00000E+00
   1   77   0.22852E-06  0.24659E-08  0.22615E-10  0.00000E+00
   1   78   0.33393E-06  0.41636E-08  0.42431E-10  0.00000E+00
   1   79   0.48987E-06  0.68858E-08  0.77145E-10  0.00000E+00
   1   80   0.72143E-06  0.11196E-07  0.13608E-09  0.00000E+00
   1   81   0.10667E-05  0.17951E-07  0.23346E-09  0.00000E+00
   1   82   0.15833E-05  0.28452E-07  0.39062E-09  0.00000E+00
   1   83   0.23594E-05  0.44686E-07  0.63965E-09  0.00000E+00
   1   84   0.35302E-05  0.69715E-07  0.10293E-08  0.00000E+00
   1   85   0.53023E-05  0.10832E-06  0.16357E-08  0.00000E+00
   1   86   0.79973E-05  0.16815E-06  0.25827E-08  0.00000E+00
   1   87   0.12108E-04  0.26169E-06  0.40827E-08  0.00000E+00
   1   88   0.18409E-04  0.41005E-06  0.65188E-08  0.00000E+00
   1   89   0.28099E-04  0.64972E-06  0.10619E-07  0.00000E+00
   1   90   0.43062E-04  0.10459E-05  0.17834E-07  0.00000E+00
   1   91   0.66263E-04  0.17172E-05  0.31165E-07  0.00000E+00
   1   92   0.10238E-03  0.28836E-05  0.57040E-07  0.00000E+00
   1   93   0.15882E-03  0.49579E-05  0.10958E-06  0.00000E+00
   1   94   0.24736E-03  0.87210E-05  0.22053E-06  0.00000E+00
   1   95   0.38686E-03  0.15655E-04  0.46197E-06  0.00000E+00
   1   96   0.60754E-03  0.28576E-04  0.99867E-06  0.00000E+00
   1   97   0.95791E-03  0.52816E-04  0.22066E-05  0.00000E+00
   1   98   0.15165E-02  0.98438E-04  0.49363E-05  0.00000E+00
   1   99   0.24108E-02  0.18432E-03  0.11089E-04  0.00000E+00
   1  100   0.38482E-02  0.34557E-03  0.24844E-04  0.00000E+00
