   1    1   0.44630E-06  0.17443E-07  0.57022E-09  0.00000E+00
   1    2   0.79213E-06  0.11964E-06  0.15118E-07  0.00000E+00
   1    3   0.57035E-06  0.21447E-06  0.67481E-07  0.00000E+00
   1    4   0.40822E-06  0.29240E-06  0.17530E-06  0.00000E+00
   1    5   0.29944E-06  0.35192E-06  0.34632E-06  0.00000E+00
   1    6   0.22287E-06  0.39180E-06  0.57708E-06  0.00000E+00
   1    7   0.16669E-06  0.41191E-06  0.85349E-06  0.00000E+00
   1    8   0.12437E-06  0.41338E-06  0.11533E-05  0.00000E+00
   1    9   0.92072E-07  0.39848E-06  0.14496E-05  0.00000E+00
   1   10   0.67343E-07  0.37036E-06  0.17153E-05  0.00000E+00
   1   11   0.48486E-07  0.33262E-06  0.19264E-05  0.00000E+00
   1   12   0.34247E-07  0.28901E-06  0.20658E-05  0.00000E+00
   1   13   0.23648E-07  0.24300E-06  0.21244E-05  0.00000E+00
   1   14   0.15898E-07  0.19760E-06  0.21022E-05  0.00000E+00
   1   15   0.10357E-07  0.15517E-06  0.20064E-05  0.00000E+00
   1   16   0.64975E-08  0.11734E-06  0.18507E-05  0.00000E+00
   1   17   0.38912E-08  0.85067E-07  0.16521E-05  0.00000E+00
   1   18   0.21957E-08  0.58657E-07  0.14286E-05  0.00000E+00
   1   19   0.11435E-08  0.37954E-07  0.11973E-05  0.00000E+00
   1   20   0.52979E-09  0.22442E-07  0.97296E-06  0.00000E+00
   1   21   0.20258E-09  0.11392E-07  0.76656E-06  0.00000E+00
   1   22   0.52810E-10  0.39854E-08  0.58520E-06  0.00000E+00
   1   23   0.50226E-11 -0.59421E-09  0.43250E-06  0.00000E+00
   1   24   0.94003E-11 -0.30939E-08  0.30895E-06  0.00000E+00
   1   25   0.34902E-10 -0.41534E-08  0.21284E-06  0.00000E+00
   1   26   0.63696E-10 -0.42871E-08  0.14090E-06  0.00000E+00
   1   27   0.86801E-10 -0.38862E-08  0.89194E-07  0.00000E+00
   1   28   0.10083E-09 -0.32299E-08  0.53586E-07  0.00000E+00
   1   29   0.10563E-09 -0.25035E-08  0.30194E-07  0.00000E+00
   1   30   0.10270E-09 -0.18195E-08  0.15665E-07  0.00000E+00
   1   31   0.94167E-10 -0.12358E-08  0.72407E-08  0.00000E+00
   1   32   0.82176E-10 -0.77408E-09  0.28069E-08  0.00000E+00
   1   33   0.68590E-10 -0.43268E-09  0.81410E-09  0.00000E+00
   1   34   0.54846E-10 -0.19723E-09  0.19196E-09  0.00000E+00
   1   35   0.41962E-10 -0.47853E-10  0.24432E-09  0.00000E+00
   1   36   0.30572E-10  0.36178E-10  0.55060E-09  0.00000E+00
   1   37   0.21008E-10  0.73726E-10  0.88071E-09  0.00000E+00
   1   38   0.13371E-10  0.80551E-10  0.11284E-08  0.00000E+00
   1   39   0.76185E-11  0.68903E-10  0.12609E-08  0.00000E+00
   1   40   0.36099E-11  0.47722E-10  0.12849E-08  0.00000E+00
   1   41   0.11675E-11  0.23164E-10  0.12249E-08  0.00000E+00
   1   42   0.10374E-12 -0.88401E-12  0.11092E-08  0.00000E+00
   1   43   0.24960E-12 -0.22201E-10  0.96364E-09  0.00000E+00
   1   44   0.14717E-11 -0.39747E-10  0.80854E-09  0.00000E+00
   1   45   0.36848E-11 -0.53262E-10  0.65823E-09  0.00000E+00
   1   46   0.68618E-11 -0.62963E-10  0.52164E-09  0.00000E+00
   1   47   0.11043E-10 -0.69300E-10  0.40312E-09  0.00000E+00
   1   48   0.16349E-10 -0.72845E-10  0.30421E-09  0.00000E+00
   1   49   0.22991E-10 -0.74157E-10  0.22427E-09  0.00000E+00
   1   50   0.31303E-10 -0.73762E-10  0.16149E-09  0.00000E+00
   1   51   0.41757E-10 -0.72097E-10  0.11348E-09  0.00000E+00
   1   52   0.55031E-10 -0.69525E-10  0.77698E-10  0.00000E+00
   1   53   0.72051E-10 -0.66322E-10  0.51704E-10  0.00000E+00
   1   54   0.94096E-10 -0.62703E-10  0.33326E-10  0.00000E+00
   1   55   0.12293E-09 -0.58820E-10  0.20706E-10  0.00000E+00
   1   56   0.16097E-09 -0.54790E-10  0.12326E-10  0.00000E+00
   1   57   0.21156E-09 -0.50690E-10  0.69726E-11  0.00000E+00
   1   58   0.27932E-09 -0.46593E-10  0.37165E-11  0.00000E+00
   1   59   0.37065E-09 -0.42561E-10  0.18593E-11  0.00000E+00
   1   60   0.49444E-09 -0.38662E-10  0.89377E-12  0.00000E+00
   1   61   0.66324E-09 -0.34984E-10  0.46279E-12  0.00000E+00
   1   62   0.89450E-09 -0.31624E-10  0.32488E-12  0.00000E+00
   1   63   0.12126E-08 -0.28700E-10  0.32496E-12  0.00000E+00
   1   64   0.16524E-08 -0.26338E-10  0.37053E-12  0.00000E+00
   1   65   0.22630E-08 -0.24649E-10  0.41289E-12  0.00000E+00
   1   66   0.31136E-08 -0.23667E-10  0.43247E-12  0.00000E+00
   1   67   0.43041E-08 -0.23269E-10  0.42779E-12  0.00000E+00
   1   68   0.59760E-08 -0.22994E-10  0.40707E-12  0.00000E+00
   1   69   0.83330E-08 -0.21759E-10  0.38324E-12  0.00000E+00
   1   70   0.11668E-07 -0.17400E-10  0.37184E-12  0.00000E+00
   1   71   0.16405E-07 -0.58605E-11  0.39401E-12  0.00000E+00
   1   72   0.23156E-07  0.20005E-10  0.48695E-12  0.00000E+00
   1   73   0.32813E-07  0.72390E-10  0.72721E-12  0.00000E+00
   1   74   0.46683E-07  0.17156E-09  0.12743E-11  0.00000E+00
   1   75   0.66665E-07  0.35044E-09  0.24470E-11  0.00000E+00
   1   76   0.95563E-07  0.66169E-09  0.48487E-11  0.00000E+00
   1   77   0.13752E-06  0.11882E-08  0.95644E-11  0.00000E+00
   1   78   0.19863E-06  0.20589E-08  0.18460E-10  0.00000E+00
   1   79   0.28800E-06  0.34724E-08  0.34621E-10  0.00000E+00
   1   80   0.41915E-06  0.57309E-08  0.62971E-10  0.00000E+00
   1   81   0.61232E-06  0.92941E-08  0.11119E-09  0.00000E+00
   1   82   0.89794E-06  0.14856E-07  0.19097E-09  0.00000E+00
   1   83   0.13218E-05  0.23461E-07  0.31974E-09  0.00000E+00
   1   84   0.19531E-05  0.36690E-07  0.52359E-09  0.00000E+00
   1   85   0.28971E-05  0.56951E-07  0.84153E-09  0.00000E+00
   1   86   0.43136E-05  0.87947E-07  0.13332E-08  0.00000E+00
   1   87   0.64483E-05  0.13550E-06  0.20931E-08  0.00000E+00
   1   88   0.96751E-05  0.20891E-06  0.32775E-08  0.00000E+00
   1   89   0.14574E-04  0.32355E-06  0.51592E-08  0.00000E+00
   1   90   0.22039E-04  0.50540E-06  0.82374E-08  0.00000E+00
   1   91   0.33458E-04  0.79974E-06  0.13474E-07  0.00000E+00
   1   92   0.50990E-04  0.12872E-05  0.22792E-07  0.00000E+00
   1   93   0.78015E-04  0.21146E-05  0.40191E-07  0.00000E+00
   1   94   0.11983E-03  0.35527E-05  0.74214E-07  0.00000E+00
   1   95   0.18478E-03  0.61060E-05  0.14358E-06  0.00000E+00
   1   96   0.28606E-03  0.10720E-04  0.28995E-06  0.00000E+00
   1   97   0.44459E-03  0.19172E-04  0.60702E-06  0.00000E+00
   1   98   0.69366E-03  0.34793E-04  0.13057E-05  0.00000E+00
   1   99   0.10867E-02  0.63831E-04  0.28595E-05  0.00000E+00
   1  100   0.17089E-02  0.11791E-03  0.63219E-05  0.00000E+00
