   1    1   0.93295E+00 -0.35333E-02  0.00000E+00  0.00000E+00
   1    2   0.93217E+00 -0.35321E-02  0.00000E+00  0.00000E+00
   1    3   0.93061E+00 -0.35298E-02  0.00000E+00  0.00000E+00
   1    4   0.92827E+00 -0.35264E-02  0.00000E+00  0.00000E+00
   1    5   0.92517E+00 -0.35218E-02  0.00000E+00  0.00000E+00
   1    6   0.92131E+00 -0.35160E-02  0.00000E+00  0.00000E+00
   1    7   0.91669E+00 -0.35092E-02  0.00000E+00  0.00000E+00
   1    8   0.91134E+00 -0.35012E-02  0.00000E+00  0.00000E+00
   1    9   0.90525E+00 -0.34920E-02  0.00000E+00  0.00000E+00
   1   10   0.89846E+00 -0.34818E-02  0.00000E+00  0.00000E+00
   1   11   0.89096E+00 -0.34705E-02  0.00000E+00  0.00000E+00
   1   12   0.88279E+00 -0.34580E-02  0.00000E+00  0.00000E+00
   1   13   0.87396E+00 -0.34445E-02  0.00000E+00  0.00000E+00
   1   14   0.86449E+00 -0.34299E-02  0.00000E+00  0.00000E+00
   1   15   0.85441E+00 -0.34143E-02  0.00000E+00  0.00000E+00
   1   16   0.84373E+00 -0.33976E-02  0.00000E+00  0.00000E+00
   1   17   0.83249E+00 -0.33799E-02  0.00000E+00  0.00000E+00
   1   18   0.82070E+00 -0.33612E-02  0.00000E+00  0.00000E+00
   1   19   0.80840E+00 -0.33415E-02  0.00000E+00  0.00000E+00
   1   20   0.79562E+00 -0.33209E-02  0.00000E+00  0.00000E+00
   1   21   0.78237E+00 -0.32992E-02  0.00000E+00  0.00000E+00
   1   22   0.76869E+00 -0.32767E-02  0.00000E+00  0.00000E+00
   1   23   0.75462E+00 -0.32532E-02  0.00000E+00  0.00000E+00
   1   24   0.74017E+00 -0.32288E-02  0.00000E+00  0.00000E+00
   1   25   0.72539E+00 -0.32036E-02  0.00000E+00  0.00000E+00
   1   26   0.71030E+00 -0.31775E-02  0.00000E+00  0.00000E+00
   1   27   0.69493E+00 -0.31506E-02  0.00000E+00  0.00000E+00
   1   28   0.67931E+00 -0.31229E-02  0.00000E+00  0.00000E+00
   1   29   0.66348E+00 -0.30944E-02  0.00000E+00  0.00000E+00
   1   30   0.64747E+00 -0.30652E-02  0.00000E+00  0.00000E+00
   1   31   0.63130E+00 -0.30352E-02  0.00000E+00  0.00000E+00
   1   32   0.61500E+00 -0.30045E-02  0.00000E+00  0.00000E+00
   1   33   0.59861E+00 -0.29732E-02  0.00000E+00  0.00000E+00
   1   34   0.58216E+00 -0.29412E-02  0.00000E+00  0.00000E+00
   1   35   0.56567E+00 -0.29086E-02  0.00000E+00  0.00000E+00
   1   36   0.54917E+00 -0.28754E-02  0.00000E+00  0.00000E+00
   1   37   0.53269E+00 -0.28416E-02  0.00000E+00  0.00000E+00
   1   38   0.51626E+00 -0.28073E-02  0.00000E+00  0.00000E+00
   1   39   0.49989E+00 -0.27725E-02  0.00000E+00  0.00000E+00
   1   40   0.48363E+00 -0.27372E-02  0.00000E+00  0.00000E+00
   1   41   0.46748E+00 -0.27014E-02  0.00000E+00  0.00000E+00
   1   42   0.45147E+00 -0.26653E-02  0.00000E+00  0.00000E+00
   1   43   0.43562E+00 -0.26287E-02  0.00000E+00  0.00000E+00
   1   44   0.41996E+00 -0.25917E-02  0.00000E+00  0.00000E+00
   1   45   0.40450E+00 -0.25545E-02  0.00000E+00  0.00000E+00
   1   46   0.38926E+00 -0.25169E-02  0.00000E+00  0.00000E+00
   1   47   0.37426E+00 -0.24790E-02  0.00000E+00  0.00000E+00
   1   48   0.35951E+00 -0.24408E-02  0.00000E+00  0.00000E+00
   1   49   0.34503E+00 -0.24025E-02  0.00000E+00  0.00000E+00
   1   50   0.33083E+00 -0.23639E-02  0.00000E+00  0.00000E+00
   1   51   0.31692E+00 -0.23252E-02  0.00000E+00  0.00000E+00
   1   52   0.30332E+00 -0.22863E-02  0.00000E+00  0.00000E+00
   1   53   0.29003E+00 -0.22473E-02  0.00000E+00  0.00000E+00
   1   54   0.27706E+00 -0.22082E-02  0.00000E+00  0.00000E+00
   1   55   0.26442E+00 -0.21691E-02  0.00000E+00  0.00000E+00
   1   56   0.25213E+00 -0.21299E-02  0.00000E+00  0.00000E+00
   1   57   0.24017E+00 -0.20907E-02  0.00000E+00  0.00000E+00
   1   58   0.22856E+00 -0.20515E-02  0.00000E+00  0.00000E+00
   1   59   0.21729E+00 -0.20123E-02  0.00000E+00  0.00000E+00
   1   60   0.20638E+00 -0.19732E-02  0.00000E+00  0.00000E+00
   1   61   0.19582E+00 -0.19342E-02  0.00000E+00  0.00000E+00
   1   62   0.18562E+00 -0.18953E-02  0.00000E+00  0.00000E+00
   1   63   0.17577E+00 -0.18566E-02  0.00000E+00  0.00000E+00
   1   64   0.16626E+00 -0.18179E-02  0.00000E+00  0.00000E+00
   1   65   0.15711E+00 -0.17795E-02  0.00000E+00  0.00000E+00
   1   66   0.14831E+00 -0.17413E-02  0.00000E+00  0.00000E+00
   1   67   0.13984E+00 -0.17032E-02  0.00000E+00  0.00000E+00
   1   68   0.13172E+00 -0.16654E-02  0.00000E+00  0.00000E+00
   1   69   0.12393E+00 -0.16279E-02  0.00000E+00  0.00000E+00
   1   70   0.11647E+00 -0.15906E-02  0.00000E+00  0.00000E+00
   1   71   0.10933E+00 -0.15537E-02  0.00000E+00  0.00000E+00
   1   72   0.10251E+00 -0.15170E-02  0.00000E+00  0.00000E+00
   1   73   0.96000E-01 -0.14807E-02  0.00000E+00  0.00000E+00
   1   74   0.89791E-01 -0.14447E-02  0.00000E+00  0.00000E+00
   1   75   0.83878E-01 -0.14090E-02  0.00000E+00  0.00000E+00
   1   76   0.78253E-01 -0.13738E-02  0.00000E+00  0.00000E+00
   1   77   0.72908E-01 -0.13389E-02  0.00000E+00  0.00000E+00
   1   78   0.67835E-01 -0.13044E-02  0.00000E+00  0.00000E+00
   1   79   0.63026E-01 -0.12703E-02  0.00000E+00  0.00000E+00
   1   80   0.58472E-01 -0.12367E-02  0.00000E+00  0.00000E+00
   1   81   0.54164E-01 -0.12035E-02  0.00000E+00  0.00000E+00
   1   82   0.50095E-01 -0.11707E-02  0.00000E+00  0.00000E+00
   1   83   0.46256E-01 -0.11384E-02  0.00000E+00  0.00000E+00
   1   84   0.42637E-01 -0.11066E-02  0.00000E+00  0.00000E+00
   1   85   0.39231E-01 -0.10752E-02  0.00000E+00  0.00000E+00
   1   86   0.36029E-01 -0.10443E-02  0.00000E+00  0.00000E+00
   1   87   0.33022E-01 -0.10139E-02  0.00000E+00  0.00000E+00
   1   88   0.30203E-01 -0.98398E-03  0.00000E+00  0.00000E+00
   1   89   0.27562E-01 -0.95457E-03  0.00000E+00  0.00000E+00
   1   90   0.25093E-01 -0.92567E-03  0.00000E+00  0.00000E+00
   1   91   0.22786E-01 -0.89727E-03  0.00000E+00  0.00000E+00
   1   92   0.20634E-01 -0.86939E-03  0.00000E+00  0.00000E+00
   1   93   0.18630E-01 -0.84203E-03  0.00000E+00  0.00000E+00
   1   94   0.16766E-01 -0.81519E-03  0.00000E+00  0.00000E+00
   1   95   0.15035E-01 -0.78887E-03  0.00000E+00  0.00000E+00
   1   96   0.13430E-01 -0.76307E-03  0.00000E+00  0.00000E+00
   1   97   0.11944E-01 -0.73780E-03  0.00000E+00  0.00000E+00
   1   98   0.10570E-01 -0.71306E-03  0.00000E+00  0.00000E+00
   1   99   0.93020E-02 -0.68884E-03  0.00000E+00  0.00000E+00
   1  100   0.81343E-02 -0.66516E-03  0.00000E+00  0.00000E+00
