   1    1   0.94336E+00 -0.51663E-02  0.00000E+00  0.00000E+00
   1    2   0.94173E+00 -0.51628E-02  0.00000E+00  0.00000E+00
   1    3   0.93846E+00 -0.51559E-02  0.00000E+00  0.00000E+00
   1    4   0.93359E+00 -0.51456E-02  0.00000E+00  0.00000E+00
   1    5   0.92713E+00 -0.51318E-02  0.00000E+00  0.00000E+00
   1    6   0.91912E+00 -0.51146E-02  0.00000E+00  0.00000E+00
   1    7   0.90960E+00 -0.50941E-02  0.00000E+00  0.00000E+00
   1    8   0.89861E+00 -0.50702E-02  0.00000E+00  0.00000E+00
   1    9   0.88622E+00 -0.50431E-02  0.00000E+00  0.00000E+00
   1   10   0.87247E+00 -0.50127E-02  0.00000E+00  0.00000E+00
   1   11   0.85744E+00 -0.49792E-02  0.00000E+00  0.00000E+00
   1   12   0.84120E+00 -0.49426E-02  0.00000E+00  0.00000E+00
   1   13   0.82383E+00 -0.49030E-02  0.00000E+00  0.00000E+00
   1   14   0.80541E+00 -0.48604E-02  0.00000E+00  0.00000E+00
   1   15   0.78603E+00 -0.48149E-02  0.00000E+00  0.00000E+00
   1   16   0.76576E+00 -0.47666E-02  0.00000E+00  0.00000E+00
   1   17   0.74471E+00 -0.47157E-02  0.00000E+00  0.00000E+00
   1   18   0.72297E+00 -0.46621E-02  0.00000E+00  0.00000E+00
   1   19   0.70062E+00 -0.46060E-02  0.00000E+00  0.00000E+00
   1   20   0.67777E+00 -0.45476E-02  0.00000E+00  0.00000E+00
   1   21   0.65450E+00 -0.44868E-02  0.00000E+00  0.00000E+00
   1   22   0.63091E+00 -0.44238E-02  0.00000E+00  0.00000E+00
   1   23   0.60708E+00 -0.43588E-02  0.00000E+00  0.00000E+00
   1   24   0.58312E+00 -0.42918E-02  0.00000E+00  0.00000E+00
   1   25   0.55909E+00 -0.42229E-02  0.00000E+00  0.00000E+00
   1   26   0.53510E+00 -0.41524E-02  0.00000E+00  0.00000E+00
   1   27   0.51120E+00 -0.40802E-02  0.00000E+00  0.00000E+00
   1   28   0.48749E+00 -0.40065E-02  0.00000E+00  0.00000E+00
   1   29   0.46404E+00 -0.39315E-02  0.00000E+00  0.00000E+00
   1   30   0.44090E+00 -0.38552E-02  0.00000E+00  0.00000E+00
   1   31   0.41815E+00 -0.37778E-02  0.00000E+00  0.00000E+00
   1   32   0.39583E+00 -0.36994E-02  0.00000E+00  0.00000E+00
   1   33   0.37401E+00 -0.36201E-02  0.00000E+00  0.00000E+00
   1   34   0.35273E+00 -0.35401E-02  0.00000E+00  0.00000E+00
   1   35   0.33203E+00 -0.34595E-02  0.00000E+00  0.00000E+00
   1   36   0.31195E+00 -0.33783E-02  0.00000E+00  0.00000E+00
   1   37   0.29252E+00 -0.32967E-02  0.00000E+00  0.00000E+00
   1   38   0.27377E+00 -0.32149E-02  0.00000E+00  0.00000E+00
   1   39   0.25571E+00 -0.31329E-02  0.00000E+00  0.00000E+00
   1   40   0.23837E+00 -0.30508E-02  0.00000E+00  0.00000E+00
   1   41   0.22177E+00 -0.29688E-02  0.00000E+00  0.00000E+00
   1   42   0.20589E+00 -0.28869E-02  0.00000E+00  0.00000E+00
   1   43   0.19076E+00 -0.28053E-02  0.00000E+00  0.00000E+00
   1   44   0.17637E+00 -0.27241E-02  0.00000E+00  0.00000E+00
   1   45   0.16271E+00 -0.26433E-02  0.00000E+00  0.00000E+00
   1   46   0.14978E+00 -0.25631E-02  0.00000E+00  0.00000E+00
   1   47   0.13758E+00 -0.24835E-02  0.00000E+00  0.00000E+00
   1   48   0.12607E+00 -0.24046E-02  0.00000E+00  0.00000E+00
   1   49   0.11526E+00 -0.23266E-02  0.00000E+00  0.00000E+00
   1   50   0.10512E+00 -0.22494E-02  0.00000E+00  0.00000E+00
   1   51   0.95641E-01 -0.21732E-02  0.00000E+00  0.00000E+00
   1   52   0.86789E-01 -0.20980E-02  0.00000E+00  0.00000E+00
   1   53   0.78546E-01 -0.20239E-02  0.00000E+00  0.00000E+00
   1   54   0.70890E-01 -0.19510E-02  0.00000E+00  0.00000E+00
   1   55   0.63794E-01 -0.18792E-02  0.00000E+00  0.00000E+00
   1   56   0.57235E-01 -0.18088E-02  0.00000E+00  0.00000E+00
   1   57   0.51186E-01 -0.17396E-02  0.00000E+00  0.00000E+00
   1   58   0.45621E-01 -0.16718E-02  0.00000E+00  0.00000E+00
   1   59   0.40515E-01 -0.16054E-02  0.00000E+00  0.00000E+00
   1   60   0.35841E-01 -0.15404E-02  0.00000E+00  0.00000E+00
   1   61   0.31574E-01 -0.14769E-02  0.00000E+00  0.00000E+00
   1   62   0.27690E-01 -0.14149E-02  0.00000E+00  0.00000E+00
   1   63   0.24162E-01 -0.13544E-02  0.00000E+00  0.00000E+00
   1   64   0.20969E-01 -0.12954E-02  0.00000E+00  0.00000E+00
   1   65   0.18086E-01 -0.12379E-02  0.00000E+00  0.00000E+00
   1   66   0.15490E-01 -0.11821E-02  0.00000E+00  0.00000E+00
   1   67   0.13162E-01 -0.11278E-02  0.00000E+00  0.00000E+00
   1   68   0.11079E-01 -0.10751E-02  0.00000E+00  0.00000E+00
   1   69   0.92234E-02 -0.10239E-02  0.00000E+00  0.00000E+00
   1   70   0.75753E-02 -0.97437E-03  0.00000E+00  0.00000E+00
   1   71   0.61175E-02 -0.92639E-03  0.00000E+00  0.00000E+00
   1   72   0.48335E-02 -0.87998E-03  0.00000E+00  0.00000E+00
   1   73   0.37075E-02 -0.83513E-03  0.00000E+00  0.00000E+00
   1   74   0.27249E-02 -0.79183E-03  0.00000E+00  0.00000E+00
   1   75   0.18722E-02 -0.75006E-03  0.00000E+00  0.00000E+00
   1   76   0.11366E-02 -0.70982E-03  0.00000E+00  0.00000E+00
   1   77   0.50631E-03 -0.67106E-03  0.00000E+00  0.00000E+00
   1   78  -0.29608E-04 -0.63379E-03  0.00000E+00  0.00000E+00
   1   79  -0.48121E-03 -0.59798E-03  0.00000E+00  0.00000E+00
   1   80  -0.85775E-03 -0.56359E-03  0.00000E+00  0.00000E+00
   1   81  -0.11677E-02 -0.53061E-03  0.00000E+00  0.00000E+00
   1   82  -0.14189E-02 -0.49901E-03  0.00000E+00  0.00000E+00
   1   83  -0.16183E-02 -0.46876E-03  0.00000E+00  0.00000E+00
   1   84  -0.17724E-02 -0.43983E-03  0.00000E+00  0.00000E+00
   1   85  -0.18869E-02 -0.41218E-03  0.00000E+00  0.00000E+00
   1   86  -0.19673E-02 -0.38580E-03  0.00000E+00  0.00000E+00
   1   87  -0.20180E-02 -0.36064E-03  0.00000E+00  0.00000E+00
   1   88  -0.20436E-02 -0.33667E-03  0.00000E+00  0.00000E+00
   1   89  -0.20476E-02 -0.31386E-03  0.00000E+00  0.00000E+00
   1   90  -0.20335E-02 -0.29218E-03  0.00000E+00  0.00000E+00
   1   91  -0.20043E-02 -0.27158E-03  0.00000E+00  0.00000E+00
   1   92  -0.19626E-02 -0.25204E-03  0.00000E+00  0.00000E+00
   1   93  -0.19109E-02 -0.23352E-03  0.00000E+00  0.00000E+00
   1   94  -0.18511E-02 -0.21599E-03  0.00000E+00  0.00000E+00
   1   95  -0.17850E-02 -0.19941E-03  0.00000E+00  0.00000E+00
   1   96  -0.17142E-02 -0.18375E-03  0.00000E+00  0.00000E+00
   1   97  -0.16401E-02 -0.16897E-03  0.00000E+00  0.00000E+00
   1   98  -0.15638E-02 -0.15504E-03  0.00000E+00  0.00000E+00
   1   99  -0.14863E-02 -0.14193E-03  0.00000E+00  0.00000E+00
   1  100  -0.14084E-02 -0.12960E-03  0.00000E+00  0.00000E+00
