0.900000E-02  0.103961E+00  0.880610E-08  0.296702E+01
0.190000E-01  0.103827E+00  0.174889E-06  0.296702E+01
0.290000E-01  0.103597E+00  0.948924E-06  0.296702E+01
0.390000E-01  0.103272E+00  0.310271E-05  0.296702E+01
0.490000E-01  0.102853E+00  0.772797E-05  0.296702E+01
0.590000E-01  0.102339E+00  0.162346E-04  0.296702E+01
0.690000E-01  0.101733E+00  0.303484E-04  0.296702E+01
0.790000E-01  0.101036E+00  0.521086E-04  0.296702E+01
0.890000E-01  0.100249E+00  0.838640E-04  0.296702E+01
0.990000E-01  0.993731E-01  0.128270E-03  0.296702E+01
0.109000E+00  0.984107E-01  0.188284E-03  0.296702E+01
0.119000E+00  0.973635E-01  0.267161E-03  0.296702E+01
0.129000E+00  0.962337E-01  0.368449E-03  0.296702E+01
0.139000E+00  0.950236E-01  0.495980E-03  0.296702E+01
0.149000E+00  0.937357E-01  0.653869E-03  0.296702E+01
0.159000E+00  0.923727E-01  0.846506E-03  0.296702E+01
0.169000E+00  0.909373E-01  0.107855E-02  0.296702E+01
0.179000E+00  0.894328E-01  0.135490E-02  0.296702E+01
0.189000E+00  0.878621E-01  0.168075E-02  0.296702E+01
0.199000E+00  0.862287E-01  0.206150E-02  0.296702E+01
0.209000E+00  0.845361E-01  0.250279E-02  0.296702E+01
0.219000E+00  0.827880E-01  0.301051E-02  0.296702E+01
0.229000E+00  0.809883E-01  0.359075E-02  0.296702E+01
0.239000E+00  0.791408E-01  0.424980E-02  0.296702E+01
0.249000E+00  0.772499E-01  0.499418E-02  0.296702E+01
0.259000E+00  0.753198E-01  0.583056E-02  0.296702E+01
0.269000E+00  0.733549E-01  0.676582E-02  0.296702E+01
0.279000E+00  0.713600E-01  0.780699E-02  0.296702E+01
0.289000E+00  0.693396E-01  0.896127E-02  0.296702E+01
0.299000E+00  0.672988E-01  0.102360E-01  0.296702E+01
0.309000E+00  0.652426E-01  0.116386E-01  0.296702E+01
0.319000E+00  0.631759E-01  0.131768E-01  0.296702E+01
0.329000E+00  0.611044E-01  0.148581E-01  0.296702E+01
0.339000E+00  0.590332E-01  0.166905E-01  0.296702E+01
0.349000E+00  0.569680E-01  0.186819E-01  0.296702E+01
0.359000E+00  0.549143E-01  0.208401E-01  0.296702E+01
0.369000E+00  0.528779E-01  0.231733E-01  0.296702E+01
0.379000E+00  0.508648E-01  0.256895E-01  0.296702E+01
0.389000E+00  0.488809E-01  0.283969E-01  0.296702E+01
0.399000E+00  0.469322E-01  0.313036E-01  0.296702E+01
0.409000E+00  0.450249E-01  0.344179E-01  0.296702E+01
0.419000E+00  0.431653E-01  0.377478E-01  0.296702E+01
0.429000E+00  0.413597E-01  0.413017E-01  0.296702E+01
0.439000E+00  0.396146E-01  0.450876E-01  0.296702E+01
0.449000E+00  0.379365E-01  0.491136E-01  0.296702E+01
0.459000E+00  0.363320E-01  0.533879E-01  0.296702E+01
0.469000E+00  0.348076E-01  0.579185E-01  0.296702E+01
0.479000E+00  0.333701E-01  0.627134E-01  0.296702E+01
0.489000E+00  0.320262E-01  0.677805E-01  0.296702E+01
0.499000E+00  0.307829E-01  0.731275E-01  0.296702E+01
0.509000E+00  0.296470E-01  0.787622E-01  0.296702E+01
0.519000E+00  0.286253E-01  0.846922E-01  0.296702E+01
0.529000E+00  0.277249E-01  0.909250E-01  0.296702E+01
0.539000E+00  0.269527E-01  0.974679E-01  0.296702E+01
0.549000E+00  0.263158E-01  0.104328E+00  0.296702E+01
0.559000E+00  0.258211E-01  0.111513E+00  0.296702E+01
0.569000E+00  0.254759E-01  0.119029E+00  0.296702E+01
0.579000E+00  0.252870E-01  0.126883E+00  0.296702E+01
0.589000E+00  0.252617E-01  0.135082E+00  0.296702E+01
0.599000E+00  0.254069E-01  0.143631E+00  0.296702E+01
0.609000E+00  0.257300E-01  0.152539E+00  0.296702E+01
0.619000E+00  0.262377E-01  0.161809E+00  0.296702E+01
0.629000E+00  0.269374E-01  0.171448E+00  0.296702E+01
0.639000E+00  0.278358E-01  0.181462E+00  0.296702E+01
0.649000E+00  0.289404E-01  0.191856E+00  0.296702E+01
0.659000E+00  0.302577E-01  0.202635E+00  0.296702E+01
0.669000E+00  0.317951E-01  0.213804E+00  0.296702E+01
0.679000E+00  0.335592E-01  0.225368E+00  0.296702E+01
0.689000E+00  0.355573E-01  0.237331E+00  0.296702E+01
0.699000E+00  0.377958E-01  0.249697E+00  0.296702E+01
0.709000E+00  0.402819E-01  0.262471E+00  0.296702E+01
0.719000E+00  0.430220E-01  0.275655E+00  0.296702E+01
0.729000E+00  0.460229E-01  0.289254E+00  0.296702E+01
0.739000E+00  0.492917E-01  0.303270E+00  0.296702E+01
0.749000E+00  0.528344E-01  0.317707E+00  0.296702E+01
0.759000E+00  0.566572E-01  0.332567E+00  0.296702E+01
0.769000E+00  0.607671E-01  0.347852E+00  0.296702E+01
0.779000E+00  0.651701E-01  0.363564E+00  0.296702E+01
0.789000E+00  0.698728E-01  0.379706E+00  0.296702E+01
0.799000E+00  0.748812E-01  0.396279E+00  0.296702E+01
0.809000E+00  0.802009E-01  0.413284E+00  0.296702E+01
0.819000E+00  0.858382E-01  0.430722E+00  0.296702E+01
0.829000E+00  0.917988E-01  0.448594E+00  0.296702E+01
0.839000E+00  0.980885E-01  0.466901E+00  0.296702E+01
0.849000E+00  0.104713E+00  0.485642E+00  0.296702E+01
0.859000E+00  0.111678E+00  0.504818E+00  0.296702E+01
0.869000E+00  0.118988E+00  0.524427E+00  0.296702E+01
0.879000E+00  0.126649E+00  0.544471E+00  0.296702E+01
0.889000E+00  0.134666E+00  0.564947E+00  0.296702E+01
0.899000E+00  0.143043E+00  0.585855E+00  0.296702E+01
0.909000E+00  0.151787E+00  0.607194E+00  0.296702E+01
0.919000E+00  0.160901E+00  0.628961E+00  0.296702E+01
0.929000E+00  0.170389E+00  0.651155E+00  0.296702E+01
0.939000E+00  0.180258E+00  0.673774E+00  0.296702E+01
0.949000E+00  0.190509E+00  0.696815E+00  0.296702E+01
0.959000E+00  0.201149E+00  0.720276E+00  0.296702E+01
0.969000E+00  0.212180E+00  0.744154E+00  0.296702E+01
0.979000E+00  0.223607E+00  0.768447E+00  0.296702E+01
0.989000E+00  0.235433E+00  0.793150E+00  0.296702E+01
0.999000E+00  0.247662E+00  0.818261E+00  0.296702E+01
