  2257.2
  1007.6
  405.07
  169.84
  76.63
  37.072
  19.029
  10.263
  5.7737
  3.3716
  2.038
  1.2738
  .82344
  .55104
  .38205
  .27448
  .20412
  .15673
  .12379
  .10012
  .082546
  .069066
  .058422
  .049803
  .042678
  .036691
  .031601
  .027235
  .023468
  .020206
  .017377
  .014921
  .012788
  .010939
  .009337
  .0079516
  .0067557
  .0057255
  .0048401
  .0040808
  .0034313
  .0028771
  .0024053
  .0020048
  .0016658
  .0013795
  .0011386
  9.3631E-4
  7.6709E-4
  6.2596E-4
  5.0865E-4
  4.1148E-4
  3.313E-4
  2.6538E-4
  2.1143E-4
  1.6745E-4
  1.3177E-4
  1.0297E-4
  7.9857E-5
  6.1408E-5
  4.6778E-5
  3.5259E-5
  2.6259E-5
  1.929E-5
  1.3947E-5
  9.8963E-6
  6.8666E-6
  4.6361E-6
  3.0254E-6
  1.8902E-6
  1.1152E-6
  6.0894E-7
  2.9961E-7
  1.3119E-7
  6.0567E-8
  5.4978E-8
  8.9908E-8
  1.4737E-7
  2.1449E-7
  2.8237E-7
  3.4513E-7
  3.9918E-7
  4.4261E-7
  4.7475E-7
  4.9576E-7
  5.0637E-7
  5.0765E-7
  5.0087E-7
  4.8738E-7
  4.6848E-7
  4.4543E-7
  4.1938E-7
  3.9135E-7
  3.622E-7
  3.327E-7
  3.0346E-7
  2.7495E-7
  2.4757E-7
  2.216E-7
  1.9722E-7


