2.005 0
2.015 0
2.025 0
2.035 0
2.045 0
2.055 0
2.065 0
2.075 0
2.085 0
2.095 0
2.105 0
2.115 0
2.125 0
2.135 0
2.145 0
2.155 0
2.165 0
2.175 0
2.185 0
2.195 0
2.205 0
2.215 0
2.225 0
2.235 0
2.245 0
2.255 0
2.265 0
2.275 0
2.285 0
2.295 0
2.305 0
2.315 0
2.325 0
2.335 0
2.345 0
2.355 0
2.365 0
2.375 0
2.385 0
2.395 0
2.405 0
2.415 0
2.425 0
2.435 0
2.445 0
2.455 0
2.465 0
2.475 0
2.485 0
2.495 0
2.505 0
2.515 0
2.525 0
2.535 0
2.545 0
2.555 0
2.565 0
2.575 0
2.585 0
2.595 0
2.605 0
2.615 0
2.625 0
2.635 0
2.645 0
2.655 0
2.665 0
2.675 0
2.685 0
2.695 0
2.705 0
2.715 0
2.725 0
2.735 0
2.745 0
2.755 0
2.765 0
2.775 0
2.785 0
2.795 0
2.805 0
2.815 0
2.825 0
2.835 0
2.845 0
2.855 0
2.865 0
2.875 0
2.885 0
2.895 0
2.905 0
2.915 0
2.925 0
2.935 0
2.945 0
2.955 0
2.965 0
2.975 0
2.985 0
2.995 0
3.005 0
3.015 0
3.025 0
3.035 0
3.045 0
3.055 0
3.065 0
3.075 0
3.085 0
3.095 0
3.105 0
3.115 0
3.125 0
3.135 0
3.145 0
3.155 0
3.165 0
3.175 0
3.185 0
3.195 0
3.205 0
3.215 0
3.225 0
3.235 0
3.245 0
3.255 0
3.265 0
3.275 0
3.285 0
3.295 0
3.305 0
3.315 0
3.325 0
3.335 0
3.345 0
3.355 0
3.365 0
3.375 0
3.385 0
3.395 0
3.405 0
3.415 0
3.425 0
3.435 0
3.445 0
3.455 0
3.465 0
3.475 0
3.485 0
3.495 0
3.505 0
3.515 0
3.525 0
3.535 0
3.545 0
3.555 0
3.565 0
3.575 0
3.585 0
3.595 0
3.605 0
3.615 0
3.625 0
3.635 0
3.645 0
3.655 0
3.665 0
3.675 0
3.685 0
3.695 0
3.705 0
3.715 0
3.725 0
3.735 0
3.745 0
3.755 0
3.765 0
3.775 0
3.785 0
3.795 0
3.805 0
3.815 0
3.825 0
3.835 0
3.845 0
3.855 0
3.865 0
3.875 0
3.885 0
3.895 0
3.905 0
3.915 0
3.925 0
3.935 0
3.945 0
3.955 0
3.965 0
3.975 0
3.985 0
3.995 0
4.005 0
4.015 0
4.025 0
4.035 0
4.045 0
4.055 0
4.065 0
4.075 0
4.085 0
4.095 0
4.105 0
4.115 0
4.125 0
4.135 0
4.145 0
4.155 0
4.165 0
4.175 0
4.185 0
4.195 0
4.205 0
4.215 0
4.225 0
4.235 0
4.245 0
4.255 0
4.265 0
4.275 0
4.285 0
4.295 0
4.305 0
4.315 0
4.325 0
4.335 0
4.345 0
4.355 0
4.365 0
4.375 0
4.385 0
4.395 0
4.405 0
4.415 0
4.425 0
4.435 0
4.445 0
4.455 0
4.465 0
4.475 0
4.485 0
4.495 0
4.505 0
4.515 0
4.525 0
4.535 0
4.545 0
4.555 0
4.565 0
4.575 0
4.585 0
4.595 0
4.605 0
4.615 0
4.625 0
4.635 0
4.645 0
4.655 0
4.665 0
4.675 0
4.685 0
4.695 0
4.705 0
4.715 0
4.725 0
4.735 0
4.745 0
4.755 0
4.765 0
4.775 0
4.785 0
4.795 0
4.805 0
4.815 0
4.825 0
4.835 0
4.845 0
4.855 0
4.865 0
4.875 0
4.885 0
4.895 0
4.905 0
4.915 0
4.925 0
4.935 0
4.945 0
4.955 0
4.965 0
4.975 0
4.985 0
4.995 0
5.005 0
5.015 0
5.025 0
5.035 0
5.045 0
5.055 0
5.065 0
5.075 0
5.085 0
5.095 0
5.105 0
5.115 0
5.125 0
5.135 0
5.145 0
5.155 0
5.165 0
5.175 0
5.185 0
5.195 0
5.205 0
5.215 0
5.225 0
5.235 0
5.245 0
5.255 0
5.265 0
5.275 0
5.285 0
5.295 0
5.305 0
5.315 0
5.325 0
5.335 0
5.345 0
5.355 0
5.365 0
5.375 0
5.385 0
5.395 0
5.405 0
5.415 0
5.425 0
5.435 0
5.445 0
5.455 0
5.465 0
5.475 0
5.485 0
5.495 0
5.505 0
5.515 0
5.525 0
5.535 0
5.545 0
5.555 0
5.565 0
5.575 0
5.585 0
5.595 0
5.605 0
5.615 0
5.625 0
5.635 0
5.645 0
5.655 0
5.665 0
5.675 0
5.685 0
5.695 0
5.705 0
5.715 0
5.725 0
5.735 0
5.745 0
5.755 0
5.765 0
5.775 0
5.785 0
5.795 0
5.805 0
5.815 0
5.825 0
5.835 0
5.845 0
5.855 0
5.865 0
5.875 0
5.885 0
5.895 0
5.905 0
5.915 0
5.925 0
5.935 0
5.945 0
5.955 0
5.965 0
5.975 0
5.985 0
5.995 0
6.005 0
6.015 0
6.025 0
6.035 0
6.045 0
6.055 0
6.065 0
6.075 0
6.085 0
6.095 0
6.105 0
6.115 0
6.125 0
6.135 0
6.145 0
6.155 0
6.165 0
6.175 0
6.185 0
6.195 0
6.205 0
6.215 0
6.225 0
6.235 0
6.245 0
6.255 3.97409e+11
6.265 2.75265e+12
6.275 0
6.285 0
6.295 0
6.305 0
6.315 8.12519e+10
6.325 1.09775e+12
6.335 0
6.345 0
6.355 0
6.365 0
6.375 1.28212e+12
6.385 9.30745e+09
6.395 0
6.405 0
6.415 0
6.425 0
6.435 9.45382e+11
6.445 0
6.455 0
6.465 0
6.475 0
6.485 5.66601e+10
6.495 1.07876e+12
6.505 0
6.515 0
6.525 0
6.535 0
6.545 5.13115e+10
6.555 8.25874e+11
6.565 0
6.575 0
6.585 0
6.595 0
6.605 4.96206e+11
6.615 3.87578e+11
6.625 0
6.635 0
6.645 0
6.655 0
6.665 1.05324e+12
6.675 8.17457e+09
6.685 0
6.695 0
6.705 0
6.715 0
6.725 1.06681e+12
6.735 0
6.745 0
6.755 0
6.765 0
6.775 4.94309e+10
6.785 9.7901e+11
6.795 0
6.805 0
6.815 0
6.825 0
6.835 5.7433e+10
6.845 9.60729e+11
6.855 0
6.865 0
6.875 0
6.885 0
6.895 5.80461e+11
6.905 4.59498e+11
6.915 0
6.925 0
6.935 0
6.945 0
6.955 1.03829e+12
6.965 7.46031e+09
6.975 0
6.985 0
6.995 0
7.005 0
7.015 0
7.025 8.80001e+11
7.035 6.74576e+09
7.045 0
7.055 0
7.065 0
7.075 0
7.085 9.065e+11
7.095 0
7.105 0
7.115 0
7.125 0
7.135 4.31041e+10
7.145 8.7836e+11
7.155 0
7.165 0
7.175 0
7.185 0
7.195 6.84798e+10
7.205 8.60734e+11
7.215 0
7.225 0
7.235 0
7.245 0
7.255 7.19675e+11
7.265 7.99766e+09
7.275 0
7.285 0
7.295 0
7.305 0
7.315 1.36254e+12
7.325 0
7.335 0
7.345 0
7.355 0
7.365 4.80816e+10
7.375 9.38514e+11
7.385 0
7.395 0
7.405 0
7.415 0
7.425 7.54829e+10
7.435 9.41505e+11
7.445 0
7.455 0
7.465 0
7.475 0
7.485 8.10316e+11
7.495 2.3149e+11
7.505 0
7.515 0
7.525 0
7.535 0
7.545 8.87691e+11
7.555 1.3984e+11
7.565 0
7.575 0
7.585 0
7.595 5.47522e+10
7.605 1.05583e+12
7.615 0
7.625 0
7.635 0
7.645 7.96425e+11
7.655 4.85135e+10
7.665 7.23794e+11
7.675 1.04645e+12
7.685 7.54943e+09
7.695 7.32568e+11
7.705 5.22551e+10
7.715 7.66652e+11
7.725 1.01725e+12
7.735 7.50252e+09
7.745 9.46605e+11
7.755 9.13685e+10
7.765 2.56512e+11
7.775 1.34605e+12
7.785 4.69868e+10
7.795 8.44929e+11
7.805 8.14714e+11
7.815 8.08961e+10
7.825 1.0337e+12
7.835 9.56908e+10
7.845 7.92726e+11
7.855 1.00339e+12
7.865 2.48838e+11
7.875 1.09175e+12
7.885 3.83366e+11
7.895 5.17632e+11
7.905 4.11703e+11
7.915 5.35668e+11
7.925 5.3963e+11
7.935 4.40235e+11
7.945 2.92116e+11
7.955 3.9475e+11
7.965 5.46336e+11
7.975 5.1834e+11
7.985 5.62244e+11
7.995 5.95535e+11
8.005 5.66302e+11
8.015 5.47462e+11
8.025 5.80797e+11
8.035 5.25699e+11
8.045 6.0678e+11
8.055 5.69059e+11
8.065 3.84634e+11
8.075 3.41919e+11
8.085 5.09857e+11
8.095 4.75859e+11
8.105 4.25188e+11
8.115 6.52492e+11
8.125 6.38116e+11
8.135 6.64048e+11
8.145 6.28699e+11
8.155 5.92777e+11
8.165 4.85404e+11
8.175 6.58336e+11
8.185 6.99783e+11
8.195 6.842e+11
8.205 6.7292e+11
8.215 4.51788e+11
8.225 6.03157e+11
8.235 6.7274e+11
8.245 7.27331e+11
8.255 6.48208e+11
8.265 5.93556e+11
8.275 5.54171e+11
8.285 5.90304e+11
8.295 5.97737e+11
8.305 6.87954e+11
8.315 7.14934e+11
8.325 7.27557e+11
8.335 7.30373e+11
8.345 7.04275e+11
8.355 7.23043e+11
8.365 7.56227e+11
8.375 7.70594e+11
8.385 7.3851e+11
8.395 7.90495e+11
8.405 7.29579e+11
8.415 7.0797e+11
8.425 7.69863e+11
8.435 7.62612e+11
8.445 7.91096e+11
8.455 8.39576e+11
8.465 7.80026e+11
8.475 7.7403e+11
8.485 8.19222e+11
8.495 9.00329e+11
8.505 9.01263e+11
8.515 9.43917e+11
8.525 8.37337e+11
8.535 8.93186e+11
8.545 9.34933e+11
8.555 9.25396e+11
8.565 8.96592e+11
8.575 9.09683e+11
8.585 7.79864e+11
8.595 8.92159e+11
8.605 8.8284e+11
8.615 9.42064e+11
8.625 9.25419e+11
8.635 9.44147e+11
8.645 9.71342e+11
8.655 9.73483e+11
8.665 9.86938e+11
8.675 9.88442e+11
8.685 9.61789e+11
8.695 9.53824e+11
8.705 8.87493e+11
8.715 1.83441e+11
8.725 1.20352e+12
8.735 1.31357e+12
8.745 1.22657e+12
8.755 1.03792e+12
8.765 9.93135e+11
8.775 1.95338e+11
8.785 9.2526e+11
8.795 7.9791e+11
8.805 7.3314e+11
8.815 6.64924e+11
8.825 5.85072e+11
8.835 5.19934e+11
8.845 4.65434e+11
8.855 4.34404e+11
8.865 3.28221e+11
8.875 1.2778e+11
8.885 4.15353e+10
8.895 1.05848e+11
8.905 5.62493e+11
8.915 3.33081e+10
8.925 6.08643e+11
8.935 0
8.945 1.2763e+11
8.955 2.71825e+10
8.965 5.16426e+11
8.975 2.56106e+10
8.985 4.85416e+11
8.995 0
9.005 5.30482e+11
9.015 4.14083e+09
9.025 4.95094e+11
9.035 0
9.045 5.3434e+11
9.055 4.12931e+09
9.065 2.37605e+10
9.075 3.19745e+11
9.085 4.65796e+11
9.095 0
9.105 5.04904e+11
9.115 3.90277e+09
9.125 2.04539e+10
9.135 2.66464e+11
9.145 4.51058e+11
9.155 2.54619e+10
9.165 4.72396e+11
9.175 0
9.185 1.96416e+11
9.195 1.74473e+11
9.205 4.55689e+11
9.215 2.42836e+10
9.225 4.70378e+11
9.235 0
9.245 3.91803e+11
9.255 6.60788e+10
9.265 4.14586e+11
9.275 2.22037e+10
9.285 4.27323e+11
9.295 2.5244e+10
9.305 4.33519e+11
9.315 4.69004e+11
9.325 3.77675e+09
9.335 3.1378e+11
9.345 1.39614e+11
9.355 4.3241e+11
9.365 3.27003e+10
9.375 4.43085e+11
9.385 2.45889e+10
9.395 4.48887e+11
9.405 3.13994e+10
9.415 4.36993e+11
9.425 3.01097e+11
9.435 1.62581e+11
9.445 4.66582e+11
9.455 2.85347e+10
9.465 4.51354e+11
9.475 2.68841e+10
9.485 4.32639e+11
9.495 1.68533e+11
9.505 2.84899e+11
9.515 5.00772e+11
9.525 2.59448e+10
9.535 4.04869e+11
9.545 3.20755e+10
9.555 4.50099e+11
9.565 3.6603e+11
9.575 1.42025e+11
9.585 4.61867e+11
9.595 3.78003e+10
9.605 4.46868e+11
9.615 4.46223e+11
9.625 7.04478e+10
9.635 4.30143e+11
9.645 3.30911e+10
9.655 4.61485e+11
9.665 4.73522e+11
9.675 3.21255e+10
9.685 4.49908e+11
9.695 2.43101e+11
9.705 2.87717e+11
9.715 4.58223e+11
9.725 4.69138e+10
9.735 4.38042e+11
9.745 5.25246e+10
9.755 6.96723e+11
9.765 0
9.775 7.92863e+11
9.785 6.13765e+09
9.795 7.28205e+10
9.805 6.6657e+11
9.815 4.26969e+10
9.825 7.63152e+11
9.835 0
9.845 3.28253e+11
9.855 4.0079e+11
9.865 4.55939e+10
9.875 7.64871e+11
9.885 0
9.895 7.25771e+11
9.905 5.91533e+09
9.915 8.25658e+11
9.925 6.71411e+09
9.935 3.84928e+10
9.945 6.4929e+11
9.955 4.7443e+10
9.965 7.94445e+11
9.975 0
9.985 4.78371e+11
9.995 2.59489e+11
10.005 6.46571e+11
10.015 1.50858e+11
10.025 3.58861e+10
10.035 5.53259e+11
10.045 3.86998e+10
10.055 5.66085e+11
10.065 0
10.075 4.37992e+11
10.085 3.07523e+10
10.095 4.98989e+11
10.105 4.11383e+09
10.115 1.83926e+11
10.125 2.65718e+11
10.135 7.63229e+10
10.145 5.68215e+11
10.155 3.11963e+10
10.165 5.68443e+11
10.175 0
10.185 3.25814e+10
10.195 4.81445e+11
10.205 0
10.215 5.6405e+11
10.225 4.28488e+09
10.235 4.25262e+10
10.245 5.87852e+11
10.255 2.98878e+10
10.265 5.36764e+11
10.275 0
10.285 1.35171e+11
10.295 4.98255e+11
10.305 3.50885e+10
10.315 5.51427e+11
10.325 0
10.335 6.24441e+11
10.345 7.3028e+09
10.355 2.66869e+11
10.365 3.20309e+11
10.375 4.03469e+10
10.385 5.98896e+11
10.395 2.96866e+10
10.405 5.16566e+11
10.415 0
10.425 6.34723e+11
10.435 5.15811e+09
10.445 5.57035e+11
10.455 2.51652e+10
10.465 2.20899e+11
10.475 4.15844e+11
10.485 1.33377e+11
10.495 4.57734e+11
10.505 5.33726e+10
10.515 5.60156e+11
10.525 5.76854e+10
10.535 4.63699e+11
10.545 4.37543e+10
10.555 5.21531e+11
10.565 7.14511e+10
10.575 4.45469e+11
10.585 8.53357e+10
10.595 4.75631e+11
10.605 3.35189e+11
10.615 1.78648e+11
10.625 5.02679e+11
10.635 9.13977e+10
10.645 4.77596e+11
10.655 3.74517e+09
10.665 2.07663e+11
10.675 7.11122e+11
10.685 0
10.695 7.77577e+11
10.705 5.54463e+10
10.715 4.71536e+10
10.725 8.34664e+11
10.735 7.00552e+09
10.745 5.53106e+10
10.755 7.89244e+11
10.765 0
10.775 6.59645e+11
10.785 2.36289e+11
10.795 4.46555e+10
10.805 7.62453e+11
10.815 0
10.825 1.50673e+11
10.835 6.46607e+11
10.845 5.3186e+10
10.855 7.6136e+11
10.865 0
10.875 8.06851e+11
10.885 2.69265e+10
10.895 5.92537e+11
10.905 2.05387e+11
10.915 5.55669e+10
10.925 7.95658e+11
10.935 3.8519e+10
10.945 6.85261e+11
10.955 3.90641e+10
10.965 6.98031e+11
10.975 3.56892e+10
10.985 6.26076e+11
10.995 4.04274e+10
11.005 6.75665e+11
11.015 3.62309e+10
11.025 5.71812e+11
11.035 3.67397e+10
11.045 5.76778e+11
11.055 5.41703e+10
11.065 4.27849e+11
11.075 4.29086e+10
11.085 4.45599e+11
11.095 3.31891e+10
11.105 5.01123e+11
11.115 2.73757e+10
11.125 5.02789e+11
11.135 2.25885e+10
11.145 3.98682e+11
11.155 2.4189e+10
11.165 4.17792e+11
11.175 2.10683e+10
11.185 3.51999e+11
11.195 2.53157e+10
11.205 3.62829e+11
11.215 1.01758e+11
11.225 2.27414e+11
11.235 3.35604e+11
11.245 2.20429e+10
11.255 2.70626e+11
11.265 2.2034e+11
11.275 9.17653e+10
11.285 2.36563e+11
11.295 2.35244e+11
11.305 3.70527e+10
11.315 2.0227e+11
11.325 1.26226e+11
11.335 1.61034e+11
11.345 6.2503e+10
11.355 1.13829e+11
11.365 1.02509e+11
11.375 8.79386e+10
11.385 9.70625e+10
11.395 6.35658e+10
11.405 6.64826e+10
11.415 0
11.425 0
11.435 0
11.445 0
11.455 0
11.465 0
11.475 0
11.485 0
11.495 0
11.505 0
11.515 0
11.525 0
11.535 0
11.545 0
11.555 0
11.565 0
11.575 0
11.585 0
11.595 0
11.605 0
11.615 0
11.625 0
11.635 0
11.645 0
11.655 0
11.665 0
11.675 0
11.685 0
11.695 0
11.705 0
11.715 0
11.725 0
11.735 0
11.745 0
11.755 0
11.765 0
11.775 0
11.785 0
11.795 0
11.805 0
11.815 0
11.825 0
11.835 0
11.845 0
11.855 0
11.865 0
11.875 0
11.885 0
11.895 0
11.905 0
11.915 0
11.925 0
11.935 0
11.945 0
11.955 0
11.965 0
11.975 0
11.985 0
11.995 0
